#timestamp,CPU,%usr,%nice,%system,%iowait,%steal,%idle
1767800531,-1,50.60000000000002,0,1.25,0.15000000000000568,0,47.95000000000016
1767800531,0,4.495504495504425,0,1.8981018981019049,0.29970029970030454,0.09990009990009782,93.10689310689271
1767800531,1,96.70329670329686,0,0.5994005994006226,0,0,2.6973026973025185
1767800536,-1,50.20040080160303,0,0.30060120240482047,0,0,49.49899799599245
1767800536,0,78.35671342685707,0,0.6012024048095259,0,0,21.04208416833326
1767800536,1,21.800000000000637,0,0.19999999999996018,0,0,77.79999999999973
1767800541,-1,50.55055055054947,0,0.8008008008007648,0,0,48.6486486486499
1767800541,0,60.12024048096182,0,1.0020040080161157,0,0,38.87775551102193
1767800541,1,41.00000000000023,0,0.6000000000000227,0,0,58.39999999999918
1767800546,-1,50.14985014985115,0,0.3996003996003295,0,0,49.35064935064766
1767800546,0,17.165668662674673,0,0.3992015968063085,0,0,82.43512974051902
1767800546,1,83.53413654618379,0,0.20080321285136493,0,0,16.265060240964985
1767800551,-1,50.25025025024945,0,0.3003003003003046,0,0,49.4494494494511
1767800551,0,80.76152304609207,0,0.6012024048096409,0,0,18.637274549098308
1767800551,1,19.800000000000182,0,0,0,0,80.19999999999982
1767800556,-1,50.29999999999972,0,0.30000000000001137,0,0,49.39999999999941
1767800556,0,51.497005988024014,0,0.39920159680645034,0,0,48.10379241516968
1767800556,1,49.10179640718531,0,0.39920159680645034,0,0,50.499001996008666
1767800561,-1,51.30260521042079,0,0.30060120240482047,0,0,48.39679358717467
1767800561,0,77.95591182364716,0,0.4008016032063324,0,0,21.643286573146497
1767800561,1,24.649298597194708,0,0.2004008016031662,0,0,75.15030060120228
1767800566,-1,50.09980039920151,0,0.39920159680645034,0,0.09980039920159486,49.30139720558833
1767800566,0,0.4008016032066171,0,0.6012024048096409,0,0,98.79759519038072
1767800566,1,100,0,0,0,0,0
1767800571,-1,50.350350350351746,0,0.500500500500483,0,0,49.14914914914763
1767800571,0,10.999999999999943,0,1.0000000000000853,0,0,88.00000000000011
1767800571,1,89.39999999999941,0,0.19999999999996018,0,0,10.399999999999636
1767800576,-1,50.35035035035118,0,0.30030030030031823,0,0,49.34934934934879
1767800576,0,22.088353413655433,0,0.40160642570274824,0,0,77.5100401606421
1767800576,1,78.60000000000014,0,0,0,0,21.200000000000045
1767800581,-1,50.25025025024716,0,0.30030030030029087,0,0,49.349349349352266
1767800581,0,1.1999999999999909,0,0.19999999999995113,0,0,98.39999999999982
1767800581,1,99.39879759519093,0,0.40080160320647473,0,0,0.20040080160188722
1767800586,-1,50.199999999999825,0,0.39999999999992036,0,0,49.400000000000546
1767800586,0,38.24701195219314,0,0.1992031872511077,0,0.19920318725100594,61.35458167330493
1767800586,1,61.95219123505913,0,0.79681274900397,0,0,37.25099601593761
1767800591,-1,50.300601202406824,0,0.3006012024048342,0,0,49.39879759518748
1767800591,0,1.2048192771084199,0,0,0,0,98.79518072289159
1767800591,1,99.59839357429755,0,0.40160642570272986,0,0,0
1767800596,-1,50.20000000000039,0,0.40000000000006253,0,0,49.39999999999941
1767800596,0,10.179640718562712,0,0.5988023952096047,0,0,89.22155688622769
1767800596,1,90.01996007983621,0,0.3992015968064322,0,0,9.580838323357781
1767800601,-1,50.399999999999636,0,0.4999999999999716,0,0,49.00000000000091
1767800601,0,1.0040160642572526,0,0.8032128514056025,0,0,98.19277108433728
1767800601,1,99.79959919840152,0,0.2004008016031753,0,0,0
1767800606,-1,50.25025025025174,0,0.30030030030031823,0,0,49.449449449447656
1767800606,0,0.6000000000000227,0,0.39999999999992036,0,0,98.79999999999995
1767800606,1,100,0,0,0,0,0
1767800611,-1,50.199999999999825,0,0.39999999999992036,0,0,49.400000000000546
1767800611,0,0.39999999999992036,0,0.7999999999999831,0,0,98.79999999999995
1767800611,1,100,0,0,0,0,0
1767800616,-1,50.35035035034888,0,0.20020020020029786,0,0,49.4494494494511
1767800616,0,89.00000000000006,0,0.6000000000000227,0,0,10.399999999999636
1767800616,1,11.399999999999864,0,0,0,0,88.60000000000014
1767800621,-1,50.35035035034946,0,0.3003003003003046,0,0,49.24924924924995
1767800621,0,33.60000000000138,0,0,0,0,66.3999999999989
1767800621,1,67.33466933867443,0,0.6012024048096135,0,0,32.064128256515374
1767800626,-1,50.2000000000021,0,0.300000000000025,0,0,49.49999999999816
1767800626,0,86.99999999999622,0,0.5999999999999954,0,0,12.400000000003502
1767800626,1,13.426853707414596,0,0,0,0,86.5731462925854
1767800631,-1,50.35035035034946,0,0.5005005005004601,0,0,49.14914914914994
1767800631,0,37.95180722891525,0,0.8032128514056025,0,0,61.24497991967929
1767800631,1,62.800000000000864,0,0,0,0,37.199999999999136
1767800636,-1,50.250250250248875,0,0.3003003003003046,0,0,49.449449449449965
1767800636,0,13.42685370741545,0,0.40080160320649305,0,0,86.17234468937819
1767800636,1,86.99999999999932,0,0.19999999999996018,0,0,12.800000000000864
1767800641,-1,50.35035035035118,0,0.2002002002001647,0,0,49.34934934934879
1767800641,0,25.599999999998857,0,0.39999999999990227,0,0,73.80000000000115
1767800641,1,74.65069860279473,0,0.1996007984032961,0,0,24.950099800399244
1767800646,-1,50.249750249751735,0,0.3996003996004715,0,0,49.35064935064879
1767800646,0,90.2000000000001,0,0,0,0,9.800000000000182
1767800646,1,10.42084168336635,0,0.6012024048094985,0,0,88.97795591182344
1767800651,-1,50.199999999999825,0,0.29999999999986926,0,0.1000000000000023,49.2999999999995
1767800651,0,3.200000000000077,0,0.60000000000005,0,0,96.19999999999987
1767800651,1,97.20000000000027,0,0.20000000000010232,0,0,2.599999999999909
1767800656,-1,50.3000000000003,0,0.30000000000001137,0,0,49.400000000000546
1767800656,0,89.37875751503006,0,0.2004008016031662,0,0,10.420841683366916
1767800656,1,11.599999999999682,0,0.19999999999996018,0,0,88.2000000000005
1767800661,-1,50.29999999999972,0,0.5000000000001137,0,0,49.099999999999675
1767800661,0,53.999999999997314,0,0.20000000000009321,0,0,45.800000000002306
1767800661,1,46.399999999999864,0,0.9999999999999432,0,0,52.40000000000009
1767800666,-1,50.20040080160303,0,0.3006012024046781,0,0,49.49899799599245
1767800666,0,0.40080160320663544,0,0.4008016032063506,0,0,98.99799599198427
1767800666,1,100,0,0,0,0,0
1767800671,-1,50.3000000000003,0,0.30000000000001137,0,0,49.39999999999941
1767800671,0,31.199999999998628,0,0.5999999999999954,0,0,68.20000000000081
1767800671,1,69.40000000000055,0,0,0,0,30.599999999999454
1767800676,-1,50.250250250248875,0,0.3003003003003046,0,0,49.4494494494511
1767800676,0,15.430861723446501,0,0.6012024048096409,0,0,83.96793587174443
1767800676,1,84.96993987975567,0,0,0,0,15.030060120244329
1767800681,-1,50.35035035035118,0,0.40040040040047176,0,0,49.14914914914876
1767800681,0,6.0000000000005,0,0.8000000000000193,0,0,92.99999999999866
1767800681,1,94.80000000000018,0,0,0,0,5.199999999999818
1767800686,-1,50.199999999999825,0,0.30000000000001137,0,0,49.39999999999941
1767800686,0,0.6012024048096135,0,0.4008016032064565,0,0,98.99799599198379
1767800686,1,99.80000000000359,0,0.20000000000011142,0,0,0
1767800691,-1,50.450450450450035,0,0.4004004004003112,0,0,49.14914914914994
1767800691,0,14.428857715430812,0,0.801603206412807,0,0,84.76953907815653
1767800691,1,86.20000000000397,0,0.1999999999999693,0,0,13.5999999999962
1767800696,-1,50.14985014985115,0,0.29970029970031814,0,0,49.4505494505488
1767800696,0,41.317365269461014,0,0.3992015968063085,0,0.19960079840319417,57.88423153692693
1767800696,1,59.00000000000091,0,0,0,0,40.99999999999909
1767800701,-1,50.300601202404536,0,0.30060120240482047,0,0,49.39879759519093
1767800701,0,16.232464929860473,0,0.6012024048096684,0,0,83.16633266532986
1767800701,1,84.19999999999577,0,0,0,0,15.800000000004232
1767800706,-1,50.35035035034888,0,0.2002002002001556,0,0,49.449449449449965
1767800706,0,89.62075848303428,0,0.39920159680645034,0,0,9.980039920159129
1767800706,1,10.800000000000901,0,0.1999999999999693,0,0,88.79999999999944
1767800711,-1,50.09999999999991,0,0.40000000000006253,0,0,49.39999999999941
1767800711,0,60.120240480959076,0,0.6012024048096135,0,0,39.27855711423132
1767800711,1,40.399999999999636,0,0.20000000000010232,0,0,59.400000000000546
1767800716,-1,50.300000000000864,0,0.30000000000001137,0,0,49.39999999999941
1767800716,0,14.570858283433616,0,0.59880239520949,0,0,84.63073852295373
1767800716,1,85.82834331336974,0,0,0,0,14.17165668662912
1767800721,-1,50.45045045045119,0,0.40040040040047176,0,0,49.14914914914763
1767800721,0,58.717434869739506,0,0,0,0,41.282565130260494
1767800721,1,42.16867469879434,0,0.8032128514056025,0,0,57.02811244979963
1767800726,-1,50.150150150148875,0,0.4004004004003112,0,0,49.34934934935109
1767800726,0,15.230460921843477,0,0.6012024048096409,0,0,84.16833667334689
1767800726,1,85,0,0.19999999999996018,0,0,14.800000000000182
1767800731,-1,50.300601202404536,0,0.30060120240482047,0,0,49.39879759519093
1767800731,0,17.63527054108204,0,0.6012024048096409,0,0,81.76352705410832
1767800731,1,83.00000000000068,0,0,0,0,16.99999999999818
1767800736,-1,50.14955134596312,0,0.3988035892323756,0,0.09970089730807617,49.252243270188956
1767800736,0,89.20000000000016,0,0.6000000000000227,0,0,10.199999999999818
1767800736,1,11.200000000000045,0,0,0,0,88.60000000000127
1767800741,-1,50.40080160320489,0,0.30060120240466437,0,0,49.29859719438945
1767800741,0,26.399999999998663,0,0.39999999999990227,0,0,73.00000000000134
1767800741,1,74.2514970059842,0,0.3992015968064322,0,0,25.349301397208663
1767800746,-1,50.199999999999825,0,0.30000000000001137,0,0,49.400000000000546
1767800746,0,48.600000000000136,0,0.6000000000000227,0,0,50.79999999999984
1767800746,1,52.008032128519254,0,0,0,0,47.991967871480746
1767800751,-1,50.35035035035118,0,0.6006006006006365,0,0,49.049049049048755
1767800751,0,3.2064128256513746,0,0.6012024048096684,0,0,95.99198396793592
1767800751,1,97.1999999999903,0,0.599999999999826,0,0,2.200000000009169
1767800756,-1,50.199999999999825,0,0.30000000000001137,0,0,49.400000000000546
1767800756,0,82.8000000000003,0,0,0,0,17.199999999999704
1767800756,1,17.800000000002484,0,0.6000000000000772,0,0,81.59999999999914
1767800761,-1,50.300601202406824,0,0.3006012024048342,0,0,49.39879759518748
1767800761,0,5.010020040079923,0,0.20040080160315704,0,0,94.7895791583165
1767800761,1,95.59118236472457,0,0.4008016032064565,0,0,4.0080160320671325
1767800766,-1,50.249750249750015,0,0.39960039960045335,0,0,49.35064935064995
1767800766,0,41.200000000000045,0,0.40000000000006253,0,0,58.40000000000032
1767800766,1,59.081836327347695,0,0.39920159680632666,0,0,40.31936127744438
1767800771,-1,50.20040080160532,0,0.3006012024048342,0,0,49.49899799599014
1767800771,0,0.40080160320606584,0,0.6012024048096684,0,0,98.99799599198484
1767800771,1,100,0,0,0,0,0
1767800776,-1,50.29999999999515,0,0.29999999999984195,0,0,49.30000000000525
1767800776,0,7.014028056112348,0,0,0,0,92.7855711422835
1767800776,1,93.40000000000032,0,0.6000000000000227,0,0,5.9999999999990905
1767800781,-1,50.35035035035118,0,0.5005005005006252,0,0,49.14914914914763
1767800781,0,1.199999999999586,0,0.6000000000000772,0,0,98.20000000000033
1767800781,1,99.40000000000055,0,0.40000000000006253,0,0,0.1999999999998181
1767800786,-1,50.25025025025117,0,0.30030030030031823,0,0,49.4494494494488
1767800786,0,89.00000000000034,0,0.19999999999996018,0,0,10.799999999999272
1767800786,1,11.599999999998627,0,0.39999999999988406,0,0,88.00000000000064
1767800791,-1,50.25025025025231,0,0.30030030030031823,0,0,49.34934934934765
1767800791,0,48.09619238476737,0,0.20040080160315704,0,0,51.703406813629044
1767800791,1,52.610441767068174,0,0.4016064257028725,0,0,46.98795180722938
1767800796,-1,50.29999999999972,0,0.29999999999986926,0,0,49.39999999999941
1767800796,0,12.199999999999704,0,0,0,0,87.60000000000105
1767800796,1,88.0239520958119,0,0.5988023952096317,0,0,11.37724550897903
1767800801,-1,50.350350350346595,0,0.4004004004004353,0,0,49.2492492492534
1767800801,0,18.600000000000136,0,0.7999999999999831,0,0,80.59999999999945
1767800801,1,82.20000000000027,0,0,0,0,17.799999999999727
1767800806,-1,50.199999999999825,0,0.30000000000001137,0,0,49.400000000000546
1767800806,0,86.97394789578753,0,0.6012024048096135,0,0,12.424849699402856
1767800806,1,13.426853707415736,0,0,0,0,86.5731462925854
1767800811,-1,50.29999999999972,0,0.4999999999999716,0,0,49.19999999999959
1767800811,0,1.2000000000001545,0,0.6000000000000772,0,0,98.20000000000033
1767800811,1,99.59919839678828,0,0.4008016032063141,0,0,4.547473508864641e-12
1767800816,-1,50.25025025025231,0,0.2002002002001647,0,0,49.54954954954768
1767800816,0,58.283433133729744,0,0.1996007984031452,0,0.1996007984031851,41.31736526946368
1767800816,1,42.20000000000027,0,0.20000000000010232,0,0,57.599999999997635
1767800821,-1,50.199999999999825,0,0.30000000000001137,0,0.1000000000000023,49.30000000000063
1767800821,0,38.152610441767045,0,0.4016064257028725,0,0,61.24497991967872
1767800821,1,62.20000000000028,0,0,0,0,37.60000000000219
1767800826,-1,50.29999999999972,0,0.30000000000001137,0,0,49.400000000000546
1767800826,0,46.30738522953877,0,0.7984031936127227,0,0,52.89421157684922
1767800826,1,54.19999999999959,0,0,0,0,45.79999999999927
1767800831,-1,50.24975024975345,0,0.29970029970033174,0,0,49.35064935064535
1767800831,0,0.6012024048096684,0,0.40080160320649305,0,0,98.9979959919837
1767800831,1,100,0,0,0,0,0
1767800836,-1,50.25075225676894,0,0.20060180541620373,0,0,49.548645937815
1767800836,0,0.5988023952095775,0,0.5988023952094356,0,0,98.60279441117784
1767800836,1,99.80000000000018,0,0,0,0,0.1999999999998181
1767800841,-1,50.300000000000864,0,0.5000000000001137,0,0,49.19999999999959
1767800841,0,68.3366733466963,0,0.6012024048096684,0,0,31.06212424849403
1767800841,1,32.264529058114974,0,0.4008016032063141,0,0,67.33466933867672
1767800846,-1,50.199999999999825,0,0.30000000000001137,0,0,49.400000000000546
1767800846,0,47.29458917835475,0,0.4008016032064565,0,0,52.30460921843809
1767800846,1,53.40000000000518,0,0,0,0,46.59999999999823
1767800851,-1,50.29999999999972,0,0.29999999999986926,0.10000000000005116,0,49.2999999999995
1767800851,0,7.000000000000522,0,0.6000000000000772,0,0,92.3999999999994
1767800851,1,93.21357285428654,0,0.1996007984031452,0,0.1996007984031851,6.387225548905178
1767800856,-1,50.199999999999825,0,0.40000000000006253,0,0,49.400000000000546
1767800856,0,14.399999999999977,0,0.5999999999998806,0,0,84.80000000000132
1767800856,1,86.00000000000023,0,0,0,0,14.00000000000091
1767800861,-1,50.400801603203746,0,0.30060120240480676,0,0,49.298597194391725
1767800861,0,15.030060120239769,0,0.6012024048096135,0,0,84.36873747495005
1767800861,1,85.80000000000041,0,0,0,0,14.200000000000728
1767800866,-1,50.200000000000955,0,0.30000000000001137,0,0,49.39999999999941
1767800866,0,0.40080160320659886,0,0.6012024048096135,0,0,98.99799599198379
1767800866,1,100,0,0,0,0,0
1767800871,-1,50.35035035035118,0,0.500500500500483,0,0,49.14914914914763
1767800871,0,54.599999999999795,0,1.0000000000000853,0,0,44.20000000000073
1767800871,1,45.90818363273389,0,0.199600798403287,0,0,53.892215568860834
1767800876,-1,50.149850149848874,0,0.39960039960045335,0,0,49.35064935064995
1767800876,0,93.00000000000011,0,0,0,0,6.999999999999318
1767800876,1,7.414829659319053,0,0.6012024048095259,0,0,91.7835671342711
1767800881,-1,50.25025025025117,0,0.4004004004003294,0,0,49.34934934934879
1767800881,0,29.859719438878674,0,0.6012024048095259,0,0,69.53907815631166
1767800881,1,70.59999999999945,0,0.20000000000010232,0,0,29.200000000000728
1767800886,-1,50.30060120240224,0,0.30060120240480676,0,0,49.39879759519209
1767800886,0,45.20000000000039,0,0.7999999999999831,0,0,53.99999999999977
1767800886,1,55.19999999999982,0,0,0,0,44.80000000000018
1767800891,-1,50.199999999999825,0,0.40000000000006253,0,0,49.400000000000546
1767800891,0,41.08216432865877,0,0.6012024048096684,0,0,58.31663326653156
1767800891,1,59.51903807615003,0,0,0,0,40.48096192384997
1767800896,-1,50.300000000000864,0,0.19999999999996018,0,0,49.39999999999941
1767800896,0,11.000000000000227,0,0.6000000000000227,0,0,88.40000000000032
1767800896,1,89.42115768463532,0,0,0,0,10.578842315364682
1767800901,-1,50.29999999999972,0,0.6000000000000227,0,0,49.099999999999675
1767800901,0,22.40000000000009,0,1.0000000000000853,0,0,76.39999999999873
1767800901,1,78.35671342684935,0,0,0,0,21.643286573148373
1767800906,-1,50.09999999999991,0,0.39999999999992036,0,0,49.400000000000546
1767800906,0,43.99999999999977,0,0.7999999999999831,0,0,55.19999999999982
1767800906,1,56.39999999999873,0,0,0,0,43.60000000000127
1767800911,-1,50.300601202406824,0,0.40080160320649305,0,0,49.298597194387106
1767800911,0,38.47695390781413,0,0.20040080160315704,0,0,61.32264529058286
1767800911,1,61.87624750498778,0,0.5988023952095775,0,0,37.325349301397935
1767800916,-1,50.24975024974888,0,0.29970029970030454,0,0,49.35064935064995
1767800916,0,12.599999999999909,0,0.19999999999996018,0,0,87.20000000000027
1767800916,1,87.80000000000771,0,0.5999999999999353,0,0,11.599999999995049
1767800921,-1,50.25025025025231,0,0.30030030030031823,0,0.10010010010010016,49.34934934934765
1767800921,0,14.428857715430155,0,0.6012024048096135,0,0,84.76953907815721
1767800921,1,86.19999999999334,0,0,0,0,13.800000000004388
1767800926,-1,50.29999999999972,0,0.30000000000001137,0,0,49.400000000000546
1767800926,0,0.8016032064127012,0,0.2004008016031753,0,0,98.9979959919837
1767800926,1,99.60000000000036,0,0.40000000000006253,0,0,0
1767800931,-1,50.25025025025117,0,0.6006006006006365,0,0,49.049049049047625
1767800931,0,27.544910179639427,0,1.197604790419155,0,0,71.05788423153842
1767800931,1,73.00000000000618,0,0,0,0,26.999999999996092
1767800936,-1,50.25025025025117,0,0.300300300300176,0,0,49.4494494494488
1767800936,0,17.400000000001672,0,0.19999999999997842,0,0,82.3999999999985
1767800936,1,83.16633266532627,0,0.4008016032064565,0,0,16.432865731465427
1767800941,-1,50.24975024974888,0,0.39960039960045335,0,0,49.25074925075108
1767800941,0,9.218436873747217,0,0.4008016032064565,0,0,90.38076152304619
1767800941,1,91.2175648702648,0,0.39920159680632666,0,0,8.383233532931442
1767800946,-1,50.300000000000864,0,0.30000000000001137,0,0,49.39999999999941
1767800946,0,74.5999999999998,0,0.39999999999992036,0,0.20000000000000018,24.80000000000132
1767800946,1,25.851703406811673,0,0,0,0,74.14829659318832
1767800951,-1,50.30060120240224,0,0.30060120240480676,0,0,49.39879759519209
1767800951,0,23.40000000000032,0,0.40000000000006253,0,0,76.19999999999891
1767800951,1,77.20000000000027,0,0.40000000000006253,0,0,22.399999999997817
1767800956,-1,50.24975024975345,0,0.49950049950050557,0,0,49.25074925074647
1767800956,0,19.399999999999977,0,0.40000000000006253,0,0,80.19999999999982
1767800956,1,81.16232464930123,0,0.4008016032063506,0,0,18.436873747492697
1767800961,-1,50.30060120240224,0,0.5010020040079638,0,0,49.19839679359021
1767800961,0,20.399999999999636,0,0.9999999999999432,0,0,78.40000000000146
1767800961,1,80.19999999999982,0,0.20000000000010232,0,0,19.600000000000364
1767800966,-1,50.24975024974888,0,0.29970029970030454,0,0,49.35064935065109
1767800966,0,39.00000000000034,0,0.6000000000000227,0,0,60.3999999999985
1767800966,1,61.277445109778775,0,0,0,0,38.52295409181596
1767800971,-1,50.25025025025231,0,0.30030030030031823,0,0,49.449449449446526
1767800971,0,24.048096192383404,0,0.20040080160315704,0,0,75.75150300601358
1767800971,1,76.59999999999854,0,0.39999999999992036,0,0,23.00000000000182
1767800976,-1,50.29999999999972,0,0.19999999999996018,0,0,49.400000000000546
1767800976,0,33.266533066133654,0,0.2004008016031753,0,0,66.53306613226388
1767800976,1,67.53507014028361,0,0,0,0,32.464929859718666
1767800981,-1,50.35035035035118,0,0.40040040040047176,0,0,49.24924924924877
1767800981,0,71.9123505976101,0,0.19920318725109867,0,0,27.689243027887144
1767800981,1,28.456913827655423,0,0.6012024048096135,0,0,70.94188376753553
1767800986,-1,50.29999999999972,0,0.30000000000001137,0,0,49.30000000000063
1767800986,0,10.462776659959813,0,0,0,0,89.53722334004019
1767800986,1,90,0,0.6000000000000227,0,0,9.400000000000546
1767800991,-1,50.25025025025117,0,0.6006006006006365,0,0,49.14914914914876
1767800991,0,0.5988023952095775,0,1.197604790419013,0,0,98.00399201596883
1767800991,1,100,0,0,0,0,0
1767800996,-1,50.300000000000864,0,0.19999999999996018,0,0.1000000000000023,49.400000000000546
1767800996,0,87.82435129740945,0,0.5988023952096317,0,0,11.576846307380919
1767800996,1,12.625250501002466,0,0,0,0,87.37474949899526
1767801001,-1,50.25025025024659,0,0.4004004004004353,0,0,49.2492492492534
1767801001,0,28.256513026050694,0,0.20040080160315704,0,0,71.54308617234572
1767801001,1,72.05588822355003,0,0.5988023952095775,0,0,27.14570858283342
1767801006,-1,50.29999999999972,0,0.39999999999992036,0,0,49.29999999999837
1767801006,0,90.20000000000039,0,0.20000000000010232,0,0,9.600000000000364
1767801006,1,10.420841683365875,0,0.4008016032063141,0,0,89.1783567134281
1767801011,-1,50.199999999999825,0,0.30000000000001137,0,0,49.400000000000546
1767801011,0,88.59999999999957,0,0,0,0,11.399999999999864
1767801011,1,11.823647294590334,0,0.8016032064128437,0,0,87.37474949899982
1767801016,-1,50.35035035035118,0,0.2002002002001647,0,0,49.4494494494488
1767801016,0,25.20000000000039,0,0,0,0,74.80000000000018
1767801016,1,75.39999999999964,0,0.40000000000006253,0,0,24.200000000000728
1767801021,-1,50.25025025025231,0,0.6006006006006365,0,0,49.14914914914649
1767801021,0,12.04819277108418,0,0.6024096385542375,0,0,87.34939759036158
1767801021,1,88.57715430861222,0,0.4008016032063141,0,0,11.02204408817947
1767801026,-1,50.29999999999972,0,0.30000000000001137,0,0,49.30000000000063
1767801026,0,29.20000000000016,0,0.5999999999998806,0,0,69.99999999999886
1767801026,1,71.05788423154145,0,0.19960079840330514,0,0,28.542914171654772
1767801031,-1,50.25025025025117,0,0.30030030030031823,0,0,49.4494494494488
1767801031,0,20.99999999999966,0,0.6000000000000227,0,0,78.40000000000032
1767801031,1,79.59999999999809,0,0,0,0,20.399999999999636
1767801036,-1,50.25025025025117,0,0.30030030030031823,0,0,49.4494494494488
1767801036,0,44.39999999999998,0,0.6000000000000227,0,0,55
1767801036,1,56.112224448896505,0,0,0,0,43.887775551105776
1767801041,-1,50.24975024974888,0,0.3996003996003114,0,0,49.25074925075108
1767801041,0,86.40000000000043,0,0.6000000000000227,0,0,12.999999999999545
1767801041,1,14.20000000000073,0,0,0,0,85.79999999999927
1767801046,-1,50.350350350352315,0,0.30030030030031823,0,0,49.34934934934652
1767801046,0,66.59999999999968,0,0.19999999999996018,0,0,33.2000000000005
1767801046,1,33.79999999999882,0,0.6000000000000227,0,0.20000000000000018,65.39999999999964
1767801051,-1,50.35035035035118,0,0.40040040040047176,0,0,49.14914914914876
1767801051,0,52.40000000000009,0,0.40000000000006253,0,0,46.99999999999932
1767801051,1,48.30339321357432,0,0.39920159680632666,0,0,51.097804391214346
1767801056,-1,50.29999999999972,0,0.30000000000001137,0,0,49.400000000000546
1767801056,0,44.48897795591318,0,0.4008016032063506,0,0,55.11022044088076
1767801056,1,56.112224448896505,0,0,0,0,43.887775551105776
1767801061,-1,50.199999999999825,0,0.30000000000001137,0,0.09999999999999788,49.29999999999837
1767801061,0,3.2064128256519444,0,0.6012024048096684,0,0,95.99198396793592
1767801061,1,97.20000000000027,0,0.19999999999996018,0,0,2.5999999999976353
1767801066,-1,50.299999999996295,0,0.2999999999999841,0,0,49.400000000002876
1767801066,0,68.26347305388336,0,0.39920159680639605,0,0.19960079840316697,31.137724550905403
1767801066,1,32.264529058117915,0,0,0,0,67.73547094188436
1767801071,-1,50.35035035035118,0,0.30030030030031823,0,0,49.24924924924877
1767801071,0,1.0020040080163037,0,0.4008016032063506,0,0,98.59719438877762
1767801071,1,99.40119760478419,0,0.3992015968064322,0,0,0.19960079840754474
1767801076,-1,50.199999999999825,0,0.39999999999992036,0,0,49.400000000000546
1767801076,0,67.99999999999955,0,0.6000000000000227,0,0,31.399999999999864
1767801076,1,32.665330661323985,0,0,0,0,67.3346693386783
1767801081,-1,50.400801603203746,0,0.5010020040079638,0,0,49.098196392788715
1767801081,0,31.262525050101615,0,0.8016032064128437,0,0,67.93587174348625
1767801081,1,69.06187624750898,0,0.39920159680632666,0,0,30.33932135728196
1767801086,-1,50.199999999999825,0,0.30000000000001137,0,0,49.400000000000546
1767801086,0,84.83033932135359,0,0.3992015968064322,0,0,14.770459081839277
1767801086,1,15.631262525048811,0,0.20040080160329943,0,0,84.16833667334818
1767801091,-1,50.199999999999825,0,0.40000000000006253,0,0,49.400000000000546
1767801091,0,12.400000000000091,0,0.6000000000000227,0,0,86.80000000000064
1767801091,1,88.00000000000182,0,0.19999999999996018,0,0,11.799999999998363
1767801096,-1,50.25025025025231,0,0.30030030030031823,0,0,49.449449449446526
1767801096,0,0.4016064257024445,0,0.6024096385540948,0,0,98.9959839357439
1767801096,1,99.79999999999791,0,0,0,0,0.1999999999998181
1767801101,-1,50.29999999999972,0,0.4999999999999716,0,0,49.200000000000735
1767801101,0,0.8000000000004093,0,0.8000000000001251,0,0,98.39999999999918
1767801101,1,100,0,0,0,0,0
1767801106,-1,50.199999999999825,0,0.30000000000001137,0,0,49.400000000000546
1767801106,0,5.210420841683412,0,0.6012024048095259,0,0,94.18837675350635
1767801106,1,95.20000000000209,0,0,0,0,4.800000000000182
1767801111,-1,50.95285857573094,0,1.604814443330061,0,0,47.442326980937
1767801111,0,61.523046092181325,0,2.605210420841611,0,0,35.87174348697721
1767801111,1,40.19999999999982,0,0.7999999999999831,0,0,58.99999999999636
1767801116,-1,50.19999999999525,0,0.2999999999999841,0,0,49.50000000000505
1767801116,0,72.34468937876095,0,0.2004008016031753,0,0,27.454909819636015
1767801116,1,28.05611222444967,0,0.2004008016031753,0.20040080160303292,0,71.54308617234653
1767801121,-1,20.5410821643291,0,0.7014028056113272,0,0,78.757515030058
1767801121,0,25,0,0.7999999999999831,0,0,74.20000000000073
1767801121,1,16.032064128256305,0,0.6012024048096684,0,0,83.36673346693459
1767801126,-1,0.20020020020000426,0,0.2002002002001465,0,0,99.5995995996
1767801126,0,0.19999999999981813,0,0.20000000000010232,0,0,99.59999999999923
1767801126,1,0.19999999999981813,0,0.40000000000006253,0,0,99.40000000000055
1767801131,-1,0.10010010010001123,0,0.2002002002001647,0,0,99.69969969969996
1767801131,0,0.20040080160301466,0,0.20040080160315704,0,0,99.59919839679397
1767801131,1,0.19999999999981813,0,0.19999999999996018,0,0,99.60000000000036
1767801136,-1,1.4000000000010004,0,1.700000000000017,0.09999999999990906,0.1000000000000023,96.69999999999845
1767801136,0,1.0000000000002274,0,1.5999999999999661,0,0,97.20000000000027
1767801136,1,1.8036072144294102,0,1.6032064128255412,0,0,96.5931863727442
1767801141,-1,0.19999999999981813,0,0.40000000000006253,0,0,99.40000000000055
1767801141,0,0.1996007984030215,0,0.7984031936127952,0,0,99.00199600798376
1767801141,1,0.19999999999981813,0,0.20000000000010232,0,0,99.60000000000036
1767801146,-1,0.40040040040004493,0,0.6006006006004942,0,0,98.9989989989999
1767801146,0,0.20040080160301466,0,0.4008016032064565,0,0,99.39879759519096
1767801146,1,0.4016064257024445,0,0.6024096385540948,0,0,98.9959839357439
1767801151,-1,0.10020040080151646,0,0.20040080160331772,0,0,99.69939879759545
1767801151,0,0,0,0.2004008016031753,0,0,99.79959919839696
1767801151,1,0.19999999999981813,0,0.40000000000006253,0,0,99.40000000000055
1767801156,-1,0.20020020020002247,0,0.10010010010001123,0,0,99.69969969969996
1767801156,0,0.20040080160303292,0,0.20040080160331772,0,0,99.59919839679394
1767801156,1,0.20040080160529297,0,0,0,0,99.79959919839243
1767801161,-1,0.6006006006011508,0,1.1011011011010192,0,0,98.29829829829768
1767801161,0,0.8000000000004093,0,0.7999999999999831,0,0,98.39999999999918
1767801161,1,0.5999999999995089,0,1.2000000000001545,0,0,98.20000000000147
1767801166,-1,0.8016032064121317,0,1.0020040080161612,0,0,98.1963927855727
1767801166,0,0.8016032064131977,0,1.0020040080159276,0,0,98.1963927855706
1767801166,1,0.8016032064120586,0,1.2024048096190847,0,0,97.99599198396986
1767801171,-1,0.3003003003011444,0,0.400400400400293,0,0,99.29929929929772
1767801171,0,0.3999999999995998,0,0.5999999999999682,0,0,99.000000000001
1767801171,1,0,0,0.20040080160329943,0,0,99.79959919839699
1767801176,-1,0.5010020040075823,0,0.8016032064128437,0,0,98.69739478958029
1767801176,0,0.6024096385548633,0,0.6024096385542925,0,0,98.79518072289028
1767801176,1,0.39999999999963626,0,0.9999999999999432,0,0,98.59999999999673
