#timestamp,CPU,%usr,%nice,%system,%iowait,%steal,%idle
1767738002,-1,1.2024048096249458,0,1.00200400801813,0.20040080160339818,0,97.59519038075922
1767738002,0,1.2024048096249458,0,1.00200400801813,0.20040080160339818,0,97.59519038075922
1767738007,-1,24.44889779506242,0,1.2024048095946156,0.20040080159872287,0,73.94789579215691
1767738007,0,24.44889779506242,0,1.2024048095946156,0.20040080159872287,0,73.94789579215691
1767738012,-1,99.39637827017758,0,0.6036217303851381,0,0,0
1767738012,0,99.39637827017758,0,0.6036217303851381,0,0,0
1767738017,-1,99.59919839697547,0,0.20040080160339818,0,0,0
1767738017,0,99.59919839697547,0,0.20040080160339818,0,0,0
1767738022,-1,99.79919678752698,0,0.20080321285197403,0,0,0
1767738022,0,99.79919678752698,0,0.20080321285197403,0,0,0
1767738027,-1,99.79838709517773,0,0.2016129032224053,0,0,1.5952821286191465e-09
1767738027,0,99.79838709517773,0,0.2016129032224053,0,0,1.5952821286191465e-09
1767738032,-1,99.79879275710101,0,0.2012072434617127,0,0,0
1767738032,0,99.79879275710101,0,0.2012072434617127,0,0,0
1767738037,-1,99.59839357467044,0,0.40160642570394806,0,0,0
1767738037,0,99.59839357467044,0,0.40160642570394806,0,0,0
1767738042,-1,99.79919678751786,0,0.20080321285197403,0,0,0
1767738042,0,99.79919678751786,0,0.20080321285197403,0,0,0
1767738047,-1,99.99999999840472,0,0,0,0,1.5952821286191465e-09
1767738047,0,99.99999999840472,0,0,0,0,1.5952821286191465e-09
1767738052,-1,99.80000000000473,0,0.19999999999981813,0,0,0
1767738052,0,99.80000000000473,0,0.19999999999981813,0,0,0
1767738057,-1,99.79838709752008,0,0.20161290322942943,0,0,0
1767738057,0,99.79838709752008,0,0.20161290322942943,0,0,0
1767738062,-1,99.59839357467044,0,0.40160642570394806,0,0,0
1767738062,0,99.59839357467044,0,0.40160642570394806,0,0,0
1767738067,-1,99.59919839698458,0,0.20040080160339818,0,0,0
1767738067,0,99.59919839698458,0,0.20040080160339818,0,0,0
1767738072,-1,99.1951710267113,0,0.6036217303851381,0,0,0
1767738072,0,99.1951710267113,0,0.6036217303851381,0,0,0
1767738077,-1,99.59514169918586,0,0.4048582995898123,0,0,1.2335306109889643e-09
1767738077,0,99.59514169918586,0,0.4048582995898123,0,0,1.2335306109889643e-09
1767738082,-1,99.79919678751786,0,0.20080321285197403,0,0,0
1767738082,0,99.79919678751786,0,0.20080321285197403,0,0,0
1767738087,-1,99.79879275710101,0,0.2012072434617127,0,0,0
1767738087,0,99.79879275710101,0,0.2012072434617127,0,0,0
1767738092,-1,99.7983870951869,0,0.2016129032224053,0,0,1.5952821286191465e-09
1767738092,0,99.7983870951869,0,0.2016129032224053,0,0,1.5952821286191465e-09
1767738097,-1,99.59677419428836,0,0.40322580645656675,0,0,0
1767738097,0,99.59677419428836,0,0.40322580645656675,0,0,0
1767738102,-1,99.59758551364386,0,0.4024144869234254,0,0,0
1767738102,0,99.59758551364386,0,0.4024144869234254,0,0,0
1767738107,-1,99.79838709752008,0,0.20161290322713732,0,0,0
1767738107,0,99.79838709752008,0,0.20161290322713732,0,0,0
1767738112,-1,99.59919839466096,0,0.20040080159872287,0,0,2.150713385162817e-09
1767738112,0,99.59919839466096,0,0.20040080159872287,0,0,2.150713385162817e-09
1767738117,-1,99.79919678751786,0,0.20080321285197403,0,0,0
1767738117,0,99.79919678751786,0,0.20080321285197403,0,0,0
1767738122,-1,99.79919678752698,0,0.20080321285197403,0,0,0
1767738122,0,99.79919678752698,0,0.20080321285197403,0,0,0
1767738127,-1,99.79919678751786,0,0.20080321285197403,0,0,0
1767738127,0,99.79919678751786,0,0.20080321285197403,0,0,0
1767738132,-1,99.3914807291923,0,0.6085192697700004,0,0,1.0515464055060875e-09
1767738132,0,99.3914807291923,0,0.6085192697700004,0,0,1.0515464055060875e-09
1767738137,-1,99.59758551363471,0,0.2012072434617127,0,0,0
1767738137,0,99.59758551363471,0,0.2012072434617127,0,0,0
1767738142,-1,99.59758551364386,0,0.40241448692571286,0,0,0
1767738142,0,99.59758551364386,0,0.40241448692571286,0,0,0
1767738147,-1,100,0,0,0,0,0
1767738147,0,100,0,0,0,0,0
1767738152,-1,99.79797979657266,0,0.2020202020171676,0,0,1.4147616411719355e-09
1767738152,0,99.79797979657266,0,0.2020202020171676,0,0,1.4147616411719355e-09
1767738157,-1,99.79919678751786,0,0.20080321285197403,0,0,0
1767738157,0,99.79919678751786,0,0.20080321285197403,0,0,0
1767738162,-1,99.59919839698458,0,0.20040080160339818,0,0,0
1767738162,0,99.59919839698458,0,0.20040080160339818,0,0,0
1767738167,-1,99.59677419429752,0,0.40322580645427464,0,0,0
1767738167,0,99.59677419429752,0,0.40322580645427464,0,0,0
1767738172,-1,99.99999999840472,0,0,0,0,1.5952821286191465e-09
1767738172,0,99.99999999840472,0,0,0,0,1.5952821286191465e-09
1767738177,-1,99.79919678751786,0,0.20080321285197403,0,0,0
1767738177,0,99.79919678751786,0,0.20080321285197403,0,0,0
1767738182,-1,99.79757085132799,0,0.20242914979967655,0,0,0
1767738182,0,99.79757085132799,0,0.20242914979967655,0,0,0
1767738187,-1,99.79959919858342,0,0,0,0,0
1767738187,0,99.79959919858342,0,0,0,0,0
1767738192,-1,99.39637826784936,0,0.6036217303709991,0,0,1.7933672324943473e-09
1767738192,0,99.39637826784936,0,0.6036217303709991,0,0,1.7933672324943473e-09
1767738197,-1,99.79838709752926,0,0.20161290322942943,0,0,0
1767738197,0,99.79838709752926,0,0.20161290322942943,0,0,0
1767738202,-1,99.59839357467044,0,0.40160642570394806,0,0,0
1767738202,0,99.59839357467044,0,0.40160642570394806,0,0,0
1767738207,-1,99.79919678751786,0,0.20080321285197403,0,0,0
1767738207,0,99.79919678751786,0,0.20080321285197403,0,0,0
1767738212,-1,99.3975903618139,0,0.40160642570394806,0,0,0
1767738212,0,99.3975903618139,0,0.40160642570394806,0,0,0
1767738217,-1,99.99999999803674,0,0,0,0,1.9541346318874275e-09
1767738217,0,99.99999999803674,0,0,0,0,1.9541346318874275e-09
1767738222,-1,99.79838709752926,0,0.20161290322713732,0,0,0
1767738222,0,99.79838709752926,0,0.20161290322713732,0,0,0
1767738227,-1,99.79879275710101,0,0.2012072434617127,0,0,0
1767738227,0,99.79879275710101,0,0.2012072434617127,0,0,0
1767738232,-1,99.59758551363471,0,0.4024144869234254,0,0,0
1767738232,0,99.59758551363471,0,0.4024144869234254,0,0,0
1767738237,-1,99.59758551130177,0,0.4024144869139994,0,0,1.775063651621167e-09
1767738237,0,99.59758551130177,0,0.4024144869139994,0,0,1.775063651621167e-09
1767738242,-1,100,0,0,0,0,0
1767738242,0,100,0,0,0,0,0
1767738247,-1,99.60000000000036,0,0.19999999999981813,0,0,1.8189894035458565e-11
1767738247,0,99.60000000000036,0,0.19999999999981813,0,0,1.8189894035458565e-11
1767738252,-1,99.39271255172864,0,0.6072874494013311,0,0,0
1767738252,0,99.39271255172864,0,0.6072874494013311,0,0,0
1767738257,-1,99.79797979657266,0,0.2020202020171676,0,0,1.4331362763186917e-09
1767738257,0,99.79797979657266,0,0.2020202020171676,0,0,1.4331362763186917e-09
1767738262,-1,100,0,0,0,0,0
1767738262,0,100,0,0,0,0,0
1767738267,-1,99.79959919858342,0,0.20040080160339818,0,0,0
1767738267,0,99.79959919858342,0,0.20040080160339818,0,0,0
1767738272,-1,100,0,0,0,0,0
1767738272,0,100,0,0,0,0,0
1767738277,-1,99.59919839466096,0,0.40080160319744573,0,0,2.1324808585632127e-09
1767738277,0,99.59919839466096,0,0.40080160319744573,0,0,2.1324808585632127e-09
1767738282,-1,99.79757085132799,0,0.20242914979967655,0,0,0
1767738282,0,99.79757085132799,0,0.20242914979967655,0,0,0
1767738287,-1,98.99193548461153,0,1.0080645161379787,0,0,0
1767738287,0,98.99193548461153,0,1.0080645161379787,0,0,0
1767738292,-1,99.39759035949946,0,0.6024096385418399,0,0,1.972395580196462e-09
1767738292,0,99.39759035949946,0,0.6024096385418399,0,0,1.972395580196462e-09
1767738297,-1,99.59758551363471,0,0.4024144869234254,0,0,0
1767738297,0,99.59758551363471,0,0.4024144869234254,0,0,0
1767738302,-1,99.1967871489665,0,0.6024096385559221,0,0,0
1767738302,0,99.1967871489665,0,0.6024096385559221,0,0,0
1767738307,-1,99.59919839698458,0,0.40080160320679636,0,0,0
1767738307,0,99.59919839698458,0,0.40080160320679636,0,0,0
1767738312,-1,98.98989899082287,0,0.8080808080899717,0,0,0
1767738312,0,98.98989899082287,0,0.8080808080899717,0,0,0
1767738317,-1,99.99999999859442,0,0,0,0,1.4147616411719355e-09
1767738317,0,99.99999999859442,0,0,0,0,1.4147616411719355e-09
1767738322,-1,99.79797979891973,0,0.20202020202191875,0,0,0
1767738322,0,99.79797979891973,0,0.20202020202191875,0,0,0
1767738327,-1,100,0,0,0,0,0
1767738327,0,100,0,0,0,0,0
1767738332,-1,99.79797979657266,0,0.2020202020171676,0,0,1.3963870060251793e-09
1767738332,0,99.79797979657266,0,0.2020202020171676,0,0,1.3963870060251793e-09
1767738337,-1,99.60000000000036,0,0.19999999999981813,0,0,0
1767738337,0,99.60000000000036,0,0.19999999999981813,0,0,0
1767738342,-1,100,0,0,0,0,0
1767738342,0,100,0,0,0,0,0
1767738347,-1,99.79797979657266,0,0.2020202020171676,0,0,1.4147616411719355e-09
1767738347,0,99.79797979657266,0,0.2020202020171676,0,0,1.4147616411719355e-09
1767738352,-1,81.32530120511797,0,2.0080321285220233,16.66666666673211,0,0
1767738352,0,81.32530120511797,0,2.0080321285220233,16.66666666673211,0,0
1767738357,-1,0.40322580645427464,0,6.048387096818704,93.54838709747423,0,0
1767738357,0,0.40322580645427464,0,6.048387096818704,93.54838709747423,0,0
1767738362,-1,0.6012024048147511,0,5.01002004008951,94.18837675368371,0,0
1767738362,0,0.6012024048147511,0,5.01002004008951,94.18837675368371,0,0
1767738367,-1,0.40160642570394806,0,5.220883534155891,94.37751004051455,0,0
1767738367,0,0.40160642570394806,0,5.220883534155891,94.37751004051455,0,0
1767738372,-1,0.8048289738279988,0,7.243460764458852,91.75050301647421,0,1.775063651621167e-09
1767738372,0,0.8048289738279988,0,7.243460764458852,91.75050301647421,0,1.775063651621167e-09
1767738377,-1,0.603621730389713,0,5.432595573470818,93.96378269670676,0,0
1767738377,0,0.603621730389713,0,5.432595573470818,93.96378269670676,0,0
1767738382,-1,0.6024096385513564,0,5.220883534155891,94.17670682766258,0,0
1767738382,0,0.6024096385513564,0,5.220883534155891,94.17670682766258,0,0
1767738387,-1,0.40160642570394806,0,6.626506024121992,92.7710843376942,0,0
1767738387,0,0.40160642570394806,0,6.626506024121992,92.7710843376942,0,0
1767738392,-1,0.6024096385604878,0,5.220883534155891,94.17670682766258,0,0
1767738392,0,0.6024096385604878,0,5.220883534155891,94.17670682766258,0,0
1767738397,-1,0.4024144869234254,0,5.030181086547392,94.5674044270919,0,0
1767738397,0,0.4024144869234254,0,5.030181086547392,94.5674044270919,0,0
1767738402,-1,0.4024144869139994,0,6.841046277544853,92.75653923375921,0,1.7933672324943473e-09
1767738402,0,0.4024144869139994,0,6.841046277544853,92.75653923375921,0,1.7933672324943473e-09
1767738407,-1,0.40080160320679636,0,5.611222444899706,93.98797595208032,0,0
1767738407,0,0.40080160320679636,0,5.611222444899706,93.98797595208032,0,0
1767738412,-1,0.40160642570394806,0,5.020080321303917,94.37751004051455,0,0
1767738412,0,0.40160642570394806,0,5.020080321303917,94.37751004051455,0,0
1767738417,-1,0.6024096385604878,0,6.827309236973966,92.57028112484223,0,0
1767738417,0,0.6024096385604878,0,6.827309236973966,92.57028112484223,0,0
1767738422,-1,0.4024144869234254,0,5.432595573470818,94.16498994016848,0,0
1767738422,0,0.4024144869234254,0,5.432595573470818,94.16498994016848,0,0
1767738427,-1,0.4024144869139994,0,5.231388329886568,94.36619718141979,0,1.7933672324943473e-09
1767738427,0,0.4024144869139994,0,5.231388329886568,94.36619718141979,0,1.7933672324943473e-09
1767738432,-1,0.6036217303805632,0,7.24346076462852,91.95171026208506,0,0
1767738432,0,0.6036217303805632,0,7.24346076462852,91.95171026208506,0,0
1767738437,-1,0.6024096385604878,0,5.220883534155891,94.17670682766258,0,0
1767738437,0,0.6024096385604878,0,5.220883534155891,94.17670682766258,0,0
1767738442,-1,0.20120724345713778,0,5.432595573470818,94.36619718362562,0,0
1767738442,0,0.20120724345713778,0,5.432595573470818,94.36619718362562,0,0
1767738447,-1,0.40160642570394806,0,6.626506024121992,92.97188755055073,0,0
1767738447,0,0.40160642570394806,0,6.626506024121992,92.97188755055073,0,0
1767738452,-1,0.8032128513891198,0,5.421686746881125,93.57429718691465,0,1.935873683578393e-09
1767738452,0,0.8032128513891198,0,5.421686746881125,93.57429718691465,0,1.935873683578393e-09
1767738457,-1,1.0040160642644358,0,5.823293172711813,93.17269076340271,0,0
1767738457,0,1.0040160642644358,0,5.823293172711813,93.17269076340271,0,0
1767738462,-1,0.40322580645427464,0,6.653225806502408,92.94354838779283,0,0
1767738462,0,0.40322580645427464,0,6.653225806502408,92.94354838779283,0,0
1767738467,-1,0.40080160320679636,0,5.410821643296307,94.18837675368371,0,0
1767738467,0,0.40080160320679636,0,5.410821643296307,94.18837675368371,0,0
1767738472,-1,0.6012024048147511,0,5.210420841692908,94.18837675368371,0,0
1767738472,0,0.6012024048147511,0,5.210420841692908,94.18837675368371,0,0
1767738477,-1,0.40160642570394806,0,7.02811244982594,92.36947791199024,0,0
1767738477,0,0.40160642570394806,0,7.02811244982594,92.36947791199024,0,0
1767738482,-1,0.4016064256945599,0,5.622489959728404,93.97590361261376,0,1.9541346318874275e-09
1767738482,0,0.4016064256945599,0,5.622489959728404,93.97590361261376,0,1.9541346318874275e-09
1767738487,-1,0.4024144869234254,0,5.432595573470818,94.16498994016848,0,0
1767738487,0,0.4024144869234254,0,5.432595573470818,94.16498994016848,0,0
1767738492,-1,0.8016032064135927,0,7.414829659332566,91.78356713443839,0,0
1767738492,0,0.8016032064135927,0,7.414829659332566,91.78356713443839,0,0
1767738497,-1,0.40160642570394806,0,5.622489959862122,93.77510040195864,0,0
1767738497,0,0.40160642570394806,0,5.622489959862122,93.77510040195864,0,0
1767738502,-1,0.40322580645427464,0,5.241935483910154,94.35483871038737,0,0
1767738502,0,0.40322580645427464,0,5.241935483910154,94.35483871038737,0,0
1767738507,-1,0.4024144869139994,0,6.639839034085565,92.95774647721622,0,1.7933672324943473e-09
1767738507,0,0.4024144869139994,0,6.639839034085565,92.95774647721622,0,1.7933672324943473e-09
1767738512,-1,0.40080160320679636,0,5.410821643296307,93.98797595208032,0,0
1767738512,0,0.40080160320679636,0,5.410821643296307,93.98797595208032,0,0
1767738517,-1,0.40160642570394806,0,5.220883534155891,94.37751004051455,0,0
1767738517,0,0.40160642570394806,0,5.220883534155891,94.37751004051455,0,0
1767738522,-1,0.8048289738468508,0,6.639839034243382,92.55533199247019,0,0
1767738522,0,0.8048289738468508,0,6.639839034243382,92.55533199247019,0,0
1767738527,-1,0.40160642570394806,0,5.220883534155891,94.37751004051455,0,0
1767738527,0,0.40160642570394806,0,5.220883534155891,94.37751004051455,0,0
1767738532,-1,0.2008032128565398,0,5.220883534155891,94.57831325336653,0,0
1767738532,0,0.2008032128565398,0,5.220883534155891,94.57831325336653,0,0
1767738537,-1,0.4024144869139994,0,7.042253521001853,92.35412474684522,0,1.775063651621167e-09
1767738537,0,0.4024144869139994,0,7.042253521001853,92.35412474684522,0,1.775063651621167e-09
1767738542,-1,0.7999999999992725,0,5.399999999999636,93.80000000000109,0,0
1767738542,0,0.7999999999992725,0,5.399999999999636,93.80000000000109,0,0
1767738547,-1,0.8097165991987062,0,4.85829959519684,94.12955465693244,0,0
1767738547,0,0.8097165991987062,0,4.85829959519684,94.12955465693244,0,0
1767738552,-1,0.808080808087675,0,5.252525252574481,93.53535353623566,0,0.202020201071079
1767738552,0,0.808080808087675,0,5.252525252574481,93.53535353623566,0,0.202020201071079
1767738557,-1,0.8097165991987062,0,4.453441295597487,94.5344129565364,0,0
1767738557,0,0.8097165991987062,0,4.453441295597487,94.5344129565364,0,0
1767738562,-1,0.6109979633401411,0,4.276985743353203,95.11201629264446,0,6.66844357510854e-10
1767738562,0,0.6109979633401411,0,4.276985743353203,95.11201629264446,0,6.66844357510854e-10
1767738567,-1,0.6060606060611629,0,5.050505050552562,94.34343434432333,0,0
1767738567,0,0.6060606060611629,0,5.050505050552562,94.34343434432333,0,0
1767738572,-1,0.6072874493893211,0,4.6558704452874435,94.5344129543086,0,1.2151133432780625e-09
1767738572,0,0.6072874493893211,0,4.6558704452874435,94.5344129543086,0,1.2151133432780625e-09
1767738577,-1,0.808080808087675,0,4.848484848528346,94.14141414229682,0,0
1767738577,0,0.808080808087675,0,4.848484848528346,94.14141414229682,0,0
1767738582,-1,0.6097560975506057,0,4.268292682891211,94.91869918618482,0,8.503491244482575e-10
1767738582,0,0.6097560975506057,0,4.268292682891211,94.91869918618482,0,8.503491244482575e-10
1767738587,-1,0.8064516129085493,0,4.83870967745588,94.15322580716024,0,0
1767738587,0,0.8064516129085493,0,4.83870967745588,94.15322580716024,0,0
1767738592,-1,0.6085192697746123,0,4.4624746449846135,94.92900608420307,0,1.0331007160857553e-09
1767738592,0,0.6085192697746123,0,4.4624746449846135,94.92900608420307,0,1.0331007160857553e-09
1767738597,-1,1.6563146998058258,0,9.937888198844371,87.99171842726453,0,0
1767738597,0,1.6563146998058258,0,9.937888198844371,87.99171842726453,0,0
1767738602,-1,1.2499999999867366,0,6.458333333269542,91.8749999991104,0,9.473808404436568e-10
1767738602,0,1.2499999999867366,0,6.458333333269542,91.8749999991104,0,9.473808404436568e-10
1767738607,-1,1.257861635244769,0,6.918238993853379,91.40461216120092,0,0
1767738607,0,1.257861635244769,0,6.918238993853379,91.40461216120092,0,0
1767738612,-1,1.4613778705557265,0,8.141962421648293,89.77035490535992,0,7.784706212987658e-10
1767738612,0,1.4613778705557265,0,8.141962421648293,89.77035490535992,0,7.784706212987658e-10
1767738617,-1,1.039501039492745,0,8.10810810801363,90.2286902276403,0,1.1534098121046554e-09
1767738617,0,1.039501039492745,0,8.10810810801363,90.2286902276403,0,1.1534098121046554e-09
1767738622,-1,1.0416666666761407,0,7.500000000109424,91.25000000133014,0,0
1767738622,0,1.0416666666761407,0,7.500000000109424,91.25000000133014,0,0
1767738627,-1,1.6632016631808286,0,8.316008315911233,89.6049896039475,0,1.1534098121046554e-09
1767738627,0,1.6632016631808286,0,8.316008315911233,89.6049896039475,0,1.1534098121046554e-09
1767738632,-1,1.0395010395179038,0,7.692307692404599,90.852390853532,0,0
1767738632,0,1.0395010395179038,0,7.692307692404599,90.852390853532,0,0
1767738637,-1,1.0460251046002016,0,8.158995815851606,90.37656903713207,0,5.708074013455189e-10
1767738637,0,1.0460251046002016,0,8.158995815851606,90.37656903713207,0,5.708074013455189e-10
1767738642,-1,1.25786163521407,0,7.966457023029593,90.35639412962506,0,4.0040504245553166e-10
1767738642,0,1.25786163521407,0,7.966457023029593,90.35639412962506,0,4.0040504245553166e-10
1767738647,-1,0.8064516129085493,0,1.814516129046528,16.532258064639013,0,80.64516129017647
1767738647,0,0.8064516129085493,0,1.814516129046528,16.532258064639013,0,80.64516129017647
1767738652,-1,0.40080160319744573,0,0.20040080159872287,0.20040080159872287,0,99.19839679360511
1767738652,0,0.40080160319744573,0,0.20040080159872287,0.20040080159872287,0,99.19839679360511
1767738657,-1,8.266129032317215,0,3.225806451636489,5.040322580683018,0,83.26612903213385
1767738657,0,8.266129032317215,0,3.225806451636489,5.040322580683018,0,83.26612903213385
1767738662,-1,0.8016032064135927,0,1.8036072144328619,0.20040080160339818,0,97.19438877754331
1767738662,0,0.8016032064135927,0,1.8036072144328619,0.20040080160339818,0,97.19438877754331
1767738667,-1,0.6000000000040018,0,0.19999999999981813,0.19999999999981813,0,98.99999999999636
1767738667,0,0.6000000000040018,0,0.19999999999981813,0.19999999999981813,0,98.99999999999636
1767738672,-1,0.6012024048056379,0,1.0020040080169907,0,0,98.39679358717281
1767738672,0,0.6012024048056379,0,1.0020040080169907,0,0,98.39679358717281
1767738677,-1,0.20040080160795476,0,0.20040080160567647,0.20040080160339818,0,99.39879759517613
1767738677,0,0.20040080160795476,0,0.20040080160567647,0.20040080160339818,0,99.39879759517613
1767738682,-1,0.2004008015941663,0,0.20040080159872287,0,0,99.59919839682989
1767738682,0,0.2004008015941663,0,0.20040080159872287,0,0,99.59919839682989
1767738687,-1,0.20080321286123384,0,0.20080321285666813,0.20080321285666813,0,99.39759036141629
1767738687,0,0.20080321286123384,0,0.20080321285666813,0.20080321285666813,0,99.39759036141629
1767738692,-1,0.19999999999527063,0,0.19999999999981813,0.19999999999981813,0,99.4000000000051
1767738692,0,0.19999999999527063,0,0.19999999999981813,0.19999999999981813,0,99.4000000000051
1767738697,-1,0.7999999999806459,0,0.39999999999032293,0.19999999999516146,0,98.60000000003842
1767738697,0,0.7999999999806459,0,0.39999999999032293,0.19999999999516146,0,98.60000000003842
1767738702,-1,0.20040080161263008,0,0.20040080160807347,0.20040080160807347,0,99.39879759516211
1767738702,0,0.20040080161263008,0,0.20040080160807347,0.20040080160807347,0,99.39879759516211
1767738707,-1,0.4016064256945599,0,0.4016064256945599,0.20080321284727995,0,98.99598393575903
1767738707,0,0.4016064256945599,0,0.4016064256945599,0.20080321284727995,0,98.99598393575903
1767738712,-1,0.20000000000436557,0,0.19999999999981813,0,0,99.60000000000946
1767738712,0,0.20000000000436557,0,0.19999999999981813,0,0,99.60000000000946
1767738717,-1,0.20080321284740832,0,0.20080321285197403,0,0,99.59839357428692
1767738717,0,0.20080321284740832,0,0.20080321285197403,0,0,99.59839357428692
1767738722,-1,7.414829659330289,0,2.404809619243056,0.40080160321135294,0,89.77955911823125
1767738722,0,7.414829659330289,0,2.404809619243056,0.40080160321135294,0,89.77955911823125
1767738727,-1,0.20040080160795476,0,0.20040080160339818,0.20040080160339818,0,99.39879759517613
1767738727,0,0.20040080160795476,0,0.20040080160339818,0.20040080160339818,0,99.39879759517613
1767738732,-1,0.39999999999963626,0,0.8000000000015461,0.19999999999981813,0,98.40000000000146
1767738732,0,0.39999999999963626,0,0.8000000000015461,0.19999999999981813,0,98.40000000000146
1767738737,-1,0.20040080159884158,0,0.20040080160339818,0.20040080160339818,0,99.39879759519437
1767738737,0,0.20040080159884158,0,0.20040080160339818,0.20040080160339818,0,99.39879759519437
1767738742,-1,0.3992015968052821,0,0.3992015968052821,0,0,99.20159680638943
1767738742,0,0.3992015968052821,0,0.3992015968052821,0,0,99.20159680638943
1767738747,-1,0.4024144869139994,0,0.4024144869139994,0.4024144869139994,0,98.79275653924886
1767738747,0,0.4024144869139994,0,0.4024144869139994,0.4024144869139994,0,98.79275653924886
1767738752,-1,0.40080160322526015,0,0,0.20040080160807347,0,99.39879759518034
1767738752,0,0.40080160322526015,0,0,0.20040080160807347,0,99.39879759518034
1767738757,-1,0.19999999999527063,0,0.19999999999981813,0.39999999999963626,0,99.19999999998254
1767738757,0,0.19999999999527063,0,0.19999999999981813,0.39999999999963626,0,99.19999999998254
1767738762,-1,0.20040080160327947,0,0.20040080159872287,0.20040080159872287,0,99.39879759520839
1767738762,0,0.20040080160327947,0,0.20040080159872287,0.20040080159872287,0,99.39879759520839
1767738767,-1,0.6024096385654386,0,0.20080321285666813,0,0,99.19678714857332
1767738767,0,0.6024096385654386,0,0.20080321285666813,0,0,99.19678714857332
1767738772,-1,0.20000000000436557,0,0.40000000000190994,0.19999999999981813,0,99.20000000000073
1767738772,0,0.20000000000436557,0,0.40000000000190994,0.19999999999981813,0,99.20000000000073
1767738777,-1,0.40080160319744573,0,0.20040080159872287,0.20040080159872287,0,99.19839679360511
1767738777,0,0.40080160319744573,0,0.20040080159872287,0.20040080159872287,0,99.19839679360511
1767738782,-1,0.40080160320679636,0,0.40080160320679636,0,0,99.19839679358641
1767738782,0,0.40080160320679636,0,0.40080160320679636,0,0,99.19839679358641
1767738787,-1,7.014028056123493,0,2.404809619243056,0.20040080160339818,0,90.18036072141071
1767738787,0,7.014028056123493,0,2.404809619243056,0.20040080160339818,0,90.18036072141071
1767738792,-1,0.4024144869234254,0,0.4024144869234254,0,0,99.19517102617145
1767738792,0,0.4024144869234254,0,0.4024144869234254,0,0,99.19517102617145
1767738797,-1,0.39999999999963626,0,0.19999999999981813,0.19999999999981813,0,99.20000000000073
1767738797,0,0.39999999999963626,0,0.19999999999981813,0.19999999999981813,0,99.20000000000073
1767738802,-1,0.6012024048007252,0,0.40080160319744573,0,0,98.99799599200183
1767738802,0,0.6012024048007252,0,0.40080160319744573,0,0,98.99799599200183
1767738807,-1,0.2008032128521024,0,0.20080321285666813,0.20080321285666813,0,99.39759036141629
1767738807,0,0.2008032128521024,0,0.20080321285666813,0.20080321285666813,0,99.39759036141629
1767738812,-1,0.6000000000040018,0,0.19999999999981813,0.19999999999981813,0,99.00000000001455
1767738812,0,0.6000000000040018,0,0.19999999999981813,0.19999999999981813,0,99.00000000001455
1767738817,-1,0.40080160319744573,0,0.40080160319744573,0.20040080159872287,0,98.99799599200183
1767738817,0,0.40080160319744573,0,0.40080160319744573,0.20040080159872287,0,98.99799599200183
1767738822,-1,0.19999999999992724,0,0.20000000000674847,0.2000000000044747,0,99.39999999999112
1767738822,0,0.19999999999992724,0,0.20000000000674847,0.2000000000044747,0,99.39999999999112
1767738827,-1,0.20040080160795476,0,0.20040080160339818,0.20040080160339818,0,99.39879759517613
1767738827,0,0.20040080160795476,0,0.20040080160339818,0.20040080160339818,0,99.39879759517613
1767738832,-1,0.2008032128427142,0,0.20080321284727995,0,0,99.59839357431457
1767738832,0,0.2008032128427142,0,0.20080321284727995,0,0,99.59839357431457
1767738837,-1,0.601202404828777,0,0.20040080160807347,0.20040080160807347,0,98.99799599195508
1767738837,0,0.601202404828777,0,0.20040080160807347,0.20040080160807347,0,98.99799599195508
1767738842,-1,0.2004008015941663,0,0.20040080159872287,0.20040080159872287,0,99.39879759520839
1767738842,0,0.2004008015941663,0,0.20040080159872287,0.20040080159872287,0,99.39879759520839
1767738847,-1,7.414829659339402,0,2.805611222449853,0.20040080160339818,0,89.57915831660507
1767738847,0,7.414829659339402,0,2.805611222449853,0.20040080160339818,0,89.57915831660507
1767738852,-1,0.4000000000089494,0,0.8000000000178988,0.2000000000044747,0,98.3999999999824
1767738852,0,0.4000000000089494,0,0.8000000000178988,0.2000000000044747,0,98.3999999999824
1767738857,-1,0.2008032128427142,0,0,0,0,99.79919678716642
1767738857,0,0.2008032128427142,0,0,0,0,99.79919678716642
1767738862,-1,0.3992015968052821,0,0.19960079840264106,0.19960079840264106,0,99.20159680637128
1767738862,0,0.3992015968052821,0,0.19960079840264106,0.19960079840264106,0,99.20159680637128
1767738867,-1,0.20040080160795476,0,0.20040080160339818,0.20040080160339818,0,99.39879759519437
1767738867,0,0.20040080160795476,0,0.20040080160339818,0.20040080160339818,0,99.39879759519437
1767738872,-1,0.4016064256945599,0,0.20080321284956282,0,0,99.39759036146273
1767738872,0,0.4016064256945599,0,0.20080321284956282,0,0,99.39759036146273
1767738877,-1,0.19999999999992724,0,0.4000000000089494,0.40000000001349695,0,98.99999999997308
1767738877,0,0.19999999999992724,0,0.4000000000089494,0.40000000001349695,0,98.99999999997308
1767738882,-1,0.39999999999963626,0,0.19999999999981813,0.19999999999981813,0,99.20000000000073
1767738882,0,0.39999999999963626,0,0.19999999999981813,0.19999999999981813,0,99.20000000000073
1767738887,-1,0.6012024048147511,0,0.20040080160339818,0.20040080160339818,0,98.99799599197846
1767738887,0,0.6012024048147511,0,0.20040080160339818,0.20040080160339818,0,98.99799599197846
