#timestamp,CPU,%usr,%nice,%system,%iowait,%steal,%idle
1767829434,-1,50.34860557768914,0,0.49800796812748727,0.7470119521912353,0,48.00796812749009
1767829434,0,100,0,0,0,0,0
1767829434,1,1.092353525322765,0,0.9930486593843102,1.4895729890764609,0,95.63058589870901
1767829439,-1,50.09980039920172,0,0,0,0,49.600798403193544
1767829439,0,100,0,0,0,0,0
1767829439,1,0.398406374501985,0,0,0,0,99.00398406374508
1767829444,-1,53.04087736789646,0,0.5982053838484612,0.09970089730807392,0,46.06181455633075
1767829444,0,100,0,0,0,0,0
1767829444,1,6.3745019920318295,0,1.195219123505959,0,0,92.03187250996011
1767829449,-1,49.999999999999574,0,0,0,0,49.600798403194126
1767829449,0,100,0,0,0,0,0
1767829449,1,0.1988071570576156,0,0,0,0,99.00596421471178
1767829454,-1,50.00000000000071,0,0.09960159362549738,0,0,49.50199203187182
1767829454,0,100,0,0,0,0,0
1767829454,1,0.39682539682538676,0,0.19841269841271103,0.19841269841269338,0,98.41269841269845
1767829459,-1,49.99999999999943,0,0.09980039920159373,0,0,49.700598802395625
1767829459,0,100,0,0,0,0,2.8421709430404007e-13
1767829459,1,0.1992031872510279,0,0.1992031872509925,0,0,99.20318725099602
1767829464,-1,49.95014955134615,0,0.09970089730807392,0,0,49.551345962113636
1767829464,0,100,0,0,0,0,0
1767829464,1,0.1988071570576156,0,0,0,0,99.00596421471164
1767829469,-1,49.99999999999958,0,0.09960159362549512,0,0,49.601593625498374
1767829469,0,100,0,0,0,0,0
1767829469,1,0.19920318725102562,0,0.19920318725099023,0,0,99.00398406374508
1767829474,-1,50.04995004995014,0,0,0,0,49.65034965034955
1767829474,0,100,0,0,0,0,0
1767829474,1,0.39682539682538676,0,0.19841269841269338,0,0,98.80952380952391
1767829479,-1,49.9003984063753,0,0,0.09960159362549738,0,49.60159362549723
1767829479,0,100,0,0,0,0,0
1767829479,1,0.1992031872510279,0,0,0,0,99.00398406374494
1767829484,-1,49.99999999999943,0,0.09980039920159373,0,0,49.600798403194126
1767829484,0,100,0,0,0,0,0
1767829484,1,0.1988071570576156,0,0,0.19880715705765092,0,99.00596421471178
1767829489,-1,49.85074626865699,0,0.29850746268656214,0,0,49.45273631840761
1767829489,0,99.99999999999972,0,0,0,0,2.8421709430404007e-13
1767829489,1,0.19841269841272863,0,0.5952380952380977,0,0,98.41269841269845
1767829494,-1,50.698602794410675,0,0.5988023952095801,0,0,48.40319361277506
1767829494,0,100,0,0,0,0,0
1767829494,1,1.5968063872255178,0,1.197604790419156,0,0,96.80638722554882
1767829499,-1,50.09980039920164,0,0,0,0,49.6007984031934
1767829499,0,100,0,0,0,0,0
1767829499,1,0.3960396039603912,0,0.19801980198021316,0,0,98.6138613861386
1767829504,-1,53.14057826520452,0,0.5982053838484612,0.897308075772683,0,45.06480558325019
1767829504,0,100,0,0,0,0,0
1767829504,1,6.586826347305363,0,1.1976047904191425,1.5968063872255351,0,90.01996007984042
1767829509,-1,50.04995004995029,0,0.09990009990009786,0,0,49.6503496503494
1767829509,0,100,0,0,0,0,0
1767829509,1,0.39920159680637946,0,0,0,0,99.20159680638724
1767829514,-1,50.09980039920151,0,0,0,0,49.60079840319398
1767829514,0,100,0,0,0,0,0
1767829514,1,0.19920318725102562,0,0.19920318725099023,0.19920318725099023,0,99.00398406374494
1767829519,-1,49.950149551345724,0,0.0997008973080728,0,0,49.651046859421776
1767829519,0,100,0,0,0,0,0
1767829519,1,0.1988071570576156,0,0,0,0,99.00596421471178
1767829524,-1,49.95014955134601,0,0,0,0,49.5513459621135
1767829524,0,100,0,0,0,0,0
1767829524,1,0.1980198019802285,0,0.19801980198021094,0,0,98.61386138613861
1767829529,-1,49.800796812749184,0,0.09960159362549625,0,0,49.6015936254978
1767829529,0,100,0,0,0,0,0
1767829529,1,0.19880715705761337,0,0,0,0,98.80715705765404
1767829534,-1,49.850746268656856,0,0.09950248756218738,0,0,49.55223880597027
1767829534,0,100,0,0,0,0,0
1767829534,1,0,0,0.19841269841269563,0,0,98.8095238095239
1767829539,-1,50,0,0,0,0,49.6007984031934
1767829539,0,100,0,0,0,0,0
1767829539,1,0.19841269841272863,0,0.19841269841269338,0,0,98.80952380952377
1767829544,-1,49.85044865403802,0,0.09970089730809163,0,0,49.65104685942149
1767829544,0,100,0,0,0,0,0
1767829544,1,0.19960079840315426,0,0,0,0,99.20159680638739
1767829549,-1,49.99999999999915,0,0.19960079840318518,0,0,49.50099800399305
1767829549,0,100,0,0,0,0,0
1767829549,1,0,0,0.39840637450200267,0,0,98.80478087649384
1767829554,-1,50,0,0.09980039920159486,0,0,49.6007984031934
1767829554,0,100,0,0,0,0,0
1767829554,1,0.19841269841273085,0,0.39682539682539125,0,0,98.80952380952375
1767829559,-1,50.4990019960081,0,0.7984031936127767,0,0,48.40319361277449
1767829559,0,100,0,0,0,0,0
1767829559,1,1.1999999999999744,0,1.6000000000000014,0,0,96.80000000000007
1767829564,-1,53.08764940239076,0,0.398406374501985,0.09960159362549625,0,45.91633466135432
1767829564,0,100,0,0,0,0,0
1767829564,1,6.547619047618984,0,0.7936507936507822,0,0,91.46825396825425
1767829569,-1,50,0,0.09980039920159486,0,0,49.60079840319369
1767829569,0,100,0,0,0,0,0
1767829569,1,0.39920159680637946,0,0,0,0,99.20159680638696
1767829574,-1,50.149551345962266,0,0,0,0,49.45164506480523
1767829574,0,100,0,0,0,0,0
1767829574,1,0.39682539682539125,0,0,0.19841269841269563,0,98.61111111111124
1767829579,-1,50,0,0,0,0,49.700598802395476
1767829579,0,100,0,0,0,0,0
1767829579,1,0.19880715705768173,0,0.19880715705764643,0,0,98.80715705765405
1767829584,-1,50.04995004995029,0,0.0999000999001156,0,0,49.6503496503494
1767829584,0,100,0,0,0,0,0
1767829584,1,0.1996007984031588,0,0,0,0,99.40119760479038
1767829589,-1,49.800796812749184,0,0,0,0,49.6015936254978
1767829589,0,100,0,0,0,0,0
1767829589,1,0,0,0.19841269841269116,0,0,98.61111111111113
1767829594,-1,50,0,0.09960159362549625,0,0,49.501992031872675
1767829594,0,100,0,0,0,0,0
1767829594,1,0.3960396039603912,0,0.19801980198021316,0,0,98.6138613861386
1767829599,-1,49.99999999999887,0,0.09980039920159259,0,0,49.70059880239606
1767829599,0,100,0,0,0,0,0
1767829599,1,0.19960079840322517,0,0.19960079840318973,0,0,99.20159680638724
1767829604,-1,49.95014955134742,0,0.09970089730807617,0,0,49.55134596211236
1767829604,0,100,0,0,0,0,0
1767829604,1,0.19880715705761112,0,0,0,0,99.00596421471181
1767829609,-1,49.950049950049994,0,0.09990009990009786,0,0,49.65034965034968
1767829609,0,100,0,0,0,0,0
1767829609,1,0.19960079840322972,0,0.3992015968063885,0,0,99.00199600798392
1767829614,-1,49.99999999999887,0,0.09980039920159259,0,0,49.60079840319456
1767829614,0,100,0,0,0,0,0
1767829614,1,0.1992031872509526,0,0,0,0,99.0039840637451
1767829619,-1,50.64676616915449,0,0.6965174129353294,0,0,48.15920398009948
1767829619,0,100,0,0,0,0,0
1767829619,1,1.5904572564612778,0,1.3916500994035919,0,0,96.2226640159046
1767829624,-1,53.89221556886243,0,0.39920159680637946,0,0,45.20958083832316
1767829624,0,100,0,0,0,0,0
1767829624,1,8.151093439363864,0,0.7952286282306212,0,0,90.0596421471171
1767829629,-1,50.04995004995001,0,0,0,0,49.75024975024998
1767829629,0,100,0,0,0,0,0
1767829629,1,0.19920318725095712,0,0.1992031872509925,0,0,99.20318725099617
1767829634,-1,50.00000000000029,0,0.09980039920161259,0,0,49.500998003991334
1767829634,0,100,0,0,0,0,0
1767829634,1,0.19920318725102337,0,0,0,0,99.00398406374495
1767829639,-1,49.95014955134601,0,0.09970089730807392,0.09970089730807392,0,49.65104685942149
1767829639,0,100,0,0,0,0,0
1767829639,1,0.19960079840322972,0,0.19960079840319425,0,0,99.20159680638709
1767829644,-1,50,0,0,0,0,49.6007984031934
1767829644,0,100,0,0,0,0,0
1767829644,1,0.1984126984126559,0,0.19841269841270875,0,0,98.80952380952392
1767829649,-1,49.95024875621782,0,0.09950248756218512,0,0,49.55223880597169
1767829649,0,100,0,0,0,0,0
1767829649,1,0.3960396039603912,0,0,0.19801980198021316,0,98.41584158415857
1767829654,-1,49.90039840637516,0,0.09960159362549625,0,0,49.501992031871836
1767829654,0,100,0,0,0,0,0
1767829654,1,0.19880715705768173,0,0.19880715705764643,0,0,98.80715705765405
1767829659,-1,50.049850448653984,0,0,0,0,49.5513459621135
1767829659,0,100,0,0,0,0,0
1767829659,1,0.3960396039603912,0,0.1980198019801956,0,0,98.6138613861386
1767829664,-1,49.900199600798494,0,0.09980039920159486,0,0,49.700598802395476
1767829664,0,100,0,0,0,0,0
1767829664,1,0,0,0,0,0,99.40119760479038
1767829669,-1,50,0,0.19960079840318973,0,0,49.500998003991334
1767829669,0,99.60079840319172,0,0.19960079840318518,0,0,1.1368683772161603e-12
1767829669,1,0.39840637450197597,0,0.3984063745019937,0,0,98.60557768924305
1767829674,-1,50,0,0.09980039920159486,0,0,49.60079840319398
1767829674,0,100,0,0,0,0,0
1767829674,1,0.1992031872510279,0,0,0,0,99.20318725099588
1767829679,-1,49.99999999999887,0,0,0,0,49.60159362549894
1767829679,0,100,0,0,0,0,0
1767829679,1,0.39761431411529286,0,0,0,0,98.8071570576542
1767829684,-1,54.05405405405558,0,1.001001001001037,0,0,44.84484484484316
1767829684,0,100,0,0,0,0,0
1767829684,1,7.984031936127731,0,2.1956087824351225,0,0,89.620758483034
1767829689,-1,49.95014955134601,0,0.09970089730807392,0,0,49.65104685942205
1767829689,0,100,0,0,0,0,0
1767829689,1,0.1992031872510324,0,0.1992031872510147,0,0,99.00398406374491
1767829694,-1,50.049850448653984,0,0.09970089730807392,0,0,49.45164506480552
1767829694,0,100,0,0,0,0,0
1767829694,1,0.39840637450197597,0,0,0,0,98.80478087649415
1767829699,-1,50.09980039920093,0,0,0,0,49.60079840319398
1767829699,0,100,0,0,0,0,0
1767829699,1,0.39682539682539125,0,0.19841269841269563,0,0,98.80952380952375
1767829704,-1,50.04995004995001,0,0,0,0,49.75024975024998
1767829704,0,100,0,0,0,0,0
1767829704,1,0.2000000000000267,0,0,0,0,99.39999999999985
1767829709,-1,50.04985044865513,0,0,0.09970089730807617,0,49.551345962112926
1767829709,0,100,0,0,0,0,0
1767829709,1,0.3976143141153108,0,0,0.1988071570576554,0,98.80715705765414
1767829714,-1,49.99999999999887,0,0,0,0,49.60079840319456
1767829714,0,100,0,0,0,0,0
1767829714,1,0.1988071570576156,0,0,0,0,99.00596421471178
1767829719,-1,49.90039840637459,0,0.09960159362549625,0,0,49.6015936254978
1767829719,0,100,0,0,0,0,0
1767829719,1,0.19920318725102337,0,0.19920318725098798,0,0,99.00398406374495
1767829724,-1,49.900199600798494,0,0.09980039920159486,0,0,49.700598802395476
1767829724,0,100,0,0,0,0,0
1767829724,1,0.1988071570576156,0,0.19880715705765092,0,0,99.00596421471192
1767829729,-1,50.09980039920093,0,0.19960079840318518,0,0,49.40119760479098
1767829729,0,100,0,0,0,0,0
1767829729,1,0.19880715705768623,0,0.39761431411531944,0,0,98.60834990059627
1767829734,-1,49.90039840637459,0,0.09960159362549625,0,0,49.6015936254978
1767829734,0,100,0,0,0,0,0
1767829734,1,0.19920318725095712,0,0.1992031872509925,0,0,99.00398406374521
1767829739,-1,49.95014955134714,0,0.0997008973080939,0,0,49.55134596211236
1767829739,0,100,0,0,0,0,0
1767829739,1,0.19880715705768173,0,0,0,0,99.00596421471167
1767829744,-1,53.89221556886271,0,1.0978043912175612,0,0,44.61077844311356
1767829744,0,100,0,0,0,0,0
1767829744,1,7.952286282306178,0,2.3856858846918643,0,0,88.86679920477127
1767829749,-1,49.90039840637459,0,0.09960159362549625,0,0,49.6015936254978
1767829749,0,100,0,0,0,0,0
1767829749,1,0.19920318725102337,0,0,0,0,99.00398406374495
1767829754,-1,49.99999999999887,0,0,0,0,49.60079840319456
1767829754,0,100,0,0,0,0,0
1767829754,1,0.19880715705769075,0,0.1988071570576554,0,0,98.807157057654
1767829759,-1,49.80119284294253,0,0.19880715705765092,0,0,49.403578528827005
1767829759,0,100,0,0,0,0,0
1767829759,1,0.19762845849798208,0,0.1976284584980172,0,0,98.41897233201587
1767829764,-1,50.049850448653984,0,0,0,0,49.65104685942205
1767829764,0,100,0,0,0,0,0
1767829764,1,0.39682539682539125,0,0.19841269841271322,0,0,98.6111111111111
1767829769,-1,50.099800399202074,0,0.09980039920159486,0,0,49.60079840319283
1767829769,0,100,0,0,0,0,0
1767829769,1,0.39840637450197597,0,0.19920318725098798,0,0,99.00398406374524
1767829774,-1,50,0,0,0,0,49.60079840319398
1767829774,0,100,0,0,0,0,0
1767829774,1,0.19960079840322972,0,0,0,0,99.20159680638709
1767829779,-1,50.04995004994887,0,0,0,0,49.65034965035054
1767829779,0,100,0,0,0,0,0
1767829779,1,0.19920318725095712,0,0,0,0,99.20318725099602
1767829784,-1,50.04995004995114,0,0.09990009990011788,0,0,49.750249750248834
1767829784,0,100,0,0,0,0,0
1767829784,1,0.20040080160323737,0,0,0,0,99.59919839679367
1767829789,-1,49.950049950049994,0,0.09990009990009786,0,0,49.55044955044939
1767829789,0,99.80039920159699,0,0,0,0,0
1767829789,1,0.19880715705768173,0,0.39761431411529286,0,0,98.60834990059644
1767829794,-1,49.90039840637459,0,0.09960159362549625,0,0,49.6015936254978
1767829794,0,100,0,0,0,0,0
1767829794,1,0.19841269841266038,0,0.19841269841271322,0,0,98.80952380952375
1767829799,-1,50,0,0.09980039920159486,0.09980039920159486,0,49.60079840319398
1767829799,0,100,0,0,0,0,0
1767829799,1,0.19960079840322517,0,0.19960079840318973,0,0,99.2015968063871
1767829804,-1,53.83848454636141,0,0.9970089730807569,0,0,44.76570289132567
1767829804,0,20.359281437125883,0,0.5988023952096004,0,0,78.44311377245488
1767829804,1,87.42514970059894,0,1.197604790419156,0,0,11.177644710578775
1767829809,-1,50.04995004994887,0,0,0,0,49.65034965035054
1767829809,0,0.39840637450275446,0,0,0,0,99.00398406374481
1767829809,1,99.99999999999979,0,0,0,0,2.8421709430404007e-13
1767829814,-1,50.09980039920151,0,0,0,0,49.60079840319398
1767829814,0,0.3984063745016221,0,0,0,0,99.00398406374481
1767829814,1,100,0,0,0,0,0
1767829819,-1,50.04995004995001,0,0,0,0,49.650349650349966
1767829819,0,0.19960079840301695,0,0,0,0,99.20159680638793
1767829819,1,100,0,0,0,0,0
1767829824,-1,49.950248756219516,0,0.09950248756218738,0,0,49.45273631840676
1767829824,0,0.3968253968250298,0,0.19841269841269116,0,0,98.61111111111127
1767829824,1,100,0,0,0,0,0
1767829829,-1,50.09980039920151,0,0,0,0,49.6007984031934
1767829829,0,0.3968253968261666,0,0.19841269841269563,0,0,98.6111111111101
1767829829,1,100,0,0,0,0,0
1767829834,-1,50.049850448653984,0,0.09970089730807392,0,0,49.55134596211407
1767829834,0,0.19999999999981813,0,0,0,0,99.40000000000055
1767829834,1,100,0,0,0,0,0
1767829839,-1,49.95014955134657,0,0.09970089730807392,0,0,49.65104685942092
1767829839,0,0.39682539682503876,0,0.19841269841269563,0,0,98.80952380952375
1767829839,1,100,0,0,0,0,0
1767829844,-1,50.05005005005,0,0,0,0,49.74974974974998
1767829844,0,0,0,0.19960079840320744,0,0,99.20159680638682
1767829844,1,100,0,0,0,0,0
1767829849,-1,49.850746268656856,0,0.19900497512439244,0,0,49.35323383084579
1767829849,0,0.19841269841251938,0,0.19841269841269563,0,0,98.41269841269872
1767829849,1,100,0,0,0,0,0
1767829854,-1,49.95024875621782,0,0,0,0,49.55223880597113
1767829854,0,0.19880715705859991,0,0,0,0,99.00596421471153
1767829854,1,100,0,0,0,0,0
1767829859,-1,50.04995004995001,0,0,0,0,49.6503496503494
1767829859,0,0.3976143141149487,0,0.19880715705765092,0,0,98.80715705765402
1767829859,1,100,0,0,0,0,0
1767829864,-1,53.89221556886271,0,0.9980039920159663,0,0,44.91017964071864
1767829864,0,8.964143426294626,0,1.1952191235059904,0,0,89.2430278884469
1767829864,1,98.8023952095808,0,0.7984031936127767,0,0,0.3992015968065914
1767829869,-1,50.049751243781046,0,0.09950248756218738,0,0,49.25373134328426
1767829869,0,0.5940594059411713,0,0.19801980198019112,0,0,98.0198019801976
1767829869,1,100,0,0,0,0,0
1767829874,-1,50,0,0.09980039920159486,0,0,49.6007984031917
1767829874,0,0.19920318725081557,0,0.1992031872509925,0,0,99.0039840637448
1767829874,1,100,0,0,0,0,0
1767829879,-1,49.95014955134601,0,0,0,0,49.55134596211407
1767829879,0,0.19841269841251938,0,0,0,0,98.80952380952375
1767829879,1,100,0,0,0,0,0
1767829884,-1,49.95014955134657,0,0.09970089730807392,0,0,49.65104685942205
1767829884,0,0.19960079840301245,0,0.19960079840318973,0,0,99.20159680638682
1767829884,1,100,0,0,0,0,0
1767829889,-1,50.199999999999825,0,0.09999999999999788,0,0,49.600000000000364
1767829889,0,0.39840637450163113,0,0.1992031872510102,0,0,99.00398406374592
1767829889,1,100,0,0,0,0,5.684341886080801e-13
1767829894,-1,49.90039840637459,0,0.09960159362549625,0,0,49.60159362549723
1767829894,0,0.19880715705747434,0,0.19880715705765092,0,0,99.0059642147115
1767829894,1,100,0,0,0,0,0
1767829899,-1,49.850448654036896,0,0.09970089730808936,0,0,49.6510468594232
1767829899,0,0,0,0.1992031872509925,0,0,99.00398406374592
1767829899,1,100,0,0,0,0,0
1767829904,-1,50.19960079840301,0,0.19960079840318973,0,0,49.30139720558833
1767829904,0,0.5964214711735396,0,0.39761431411529286,0,0,98.40954274353798
1767829904,1,100,0,0,0,0,0
1767829909,-1,50,0,0.19960079840318973,0,0,49.50099800399247
1767829909,0,0.19880715705746982,0,0.39761431411531056,0,0,98.60834990059546
1767829909,1,100,0,0,0,0,0
1767829914,-1,50,0,0,0,0,49.700598802394346
1767829914,0,0.19960079840301245,0,0,0,0,99.20159680638795
1767829914,1,100,0,0,0,0,0
1767829919,-1,50.04985044865513,0,0.09970089730807392,0,0,49.55134596211293
1767829919,0,0.3976143141160788,0,0.19880715705765092,0,0,98.80715705765289
1767829919,1,100,0,0,0,0,0
1767829924,-1,53.946053946053766,0,1.19880119880121,0,0,44.55544455544496
1767829924,0,7.968127490039417,0,2.390438247011963,0,0,89.04382470119609
1767829924,1,100,0,0,0,0,0
1767829929,-1,49.95014955134601,0,0.09970089730807392,0,0,49.45164506480608
1767829929,0,0.19880715705747434,0,0.19880715705765092,0,0,98.60834990059655
1767829929,1,100,0,0,0,0,0
1767829934,-1,49.99999999999887,0,0.09960159362549399,0,0,49.50199203187297
1767829934,0,0.39840637450163113,0,0.1992031872510102,0,0,98.8047808764951
1767829934,1,100,0,0,0,0,0
1767829939,-1,50.19960079840301,0,0.09980039920159486,0,0,49.40119760479096
1767829939,0,0.597609561753579,0,0.1992031872509925,0,0,98.60557768924203
1767829939,1,100,0,0,0,0,0
1767829944,-1,50.04995004995114,0,0,0,0,49.65034965034882
1767829944,0,0.19960079840301245,0,0,0,0,99.20159680638795
1767829944,1,100,0,0,0,0,0
1767829949,-1,49.95014955134601,0,0.09970089730807392,0,0,49.55134596211293
1767829949,0,0.19880715705747434,0,0.19880715705765092,0,0,98.80715705765402
1767829949,1,100,0,0,0,0,0
1767829954,-1,50.04985044865513,0,0.09970089730807392,0,0,49.55134596211293
1767829954,0,0.3960396039611472,0,0.19801980198018665,0,0,98.61386138613655
1767829954,1,100,0,0,0,0,0
1767829959,-1,49.95014955134487,0,0,0,0,49.6510468594232
1767829959,0,0.19920318725081557,0,0,0,0,99.20318725099673
1767829959,1,100,0,0,0,0,0
1767829964,-1,50.09999999999991,0,0.09999999999999788,0,0,49.70000000000028
1767829964,0,0,0,0.20000000000001805,0,0,99.40000000000053
1767829964,1,100,0,0,0,0,0
1767829969,-1,49.85044865403802,0,0.19940179461616553,0,0,49.45164506480495
1767829969,0,0.19920318725081104,0,0.39840637450197597,0,0,98.60557768924319
1767829969,1,100,0,0,0,0,0
1767829974,-1,50.149551345961974,0,0.09970089730807392,0,0,49.3519441674981
1767829974,0,0.5952380952375581,0,0.19841269841269563,0,0,98.21428571428619
1767829974,1,100,0,0,0,0,0
1767829979,-1,50.04995004994887,0,0.09990009990009559,0,0,49.65034965034998
1767829979,0,0.19960079840414705,0,0.19960079840318973,0,0,99.20159680638682
1767829979,1,100,0,0,0,0,0
1767829984,-1,54.13758723828715,0,1.0967098703888556,0,0,44.46660019940102
1767829984,0,8.38323353293333,0,2.1956087824351402,0,0,89.02195608782525
1767829984,1,100,0,0,0,0,0
1767829989,-1,49.95004995004886,0,0.09990009990009559,0,0,49.650349650348836
1767829989,0,0.19841269841251938,0,0.19841269841269563,0,0,98.80952380952375
1767829989,1,100,0,0,0,0,0
1767829994,-1,50.09960159362541,0,0.09960159362549625,0,0,49.30278884462215
1767829994,0,0.5952380952386861,0,0.19841269841271322,0,0,98.21428571428507
1767829994,1,100,0,0,0,0,0
1767829999,-1,50.04985044865513,0,0,0,0,49.551345962112926
1767829999,0,0.3976143141149487,0,0,0,0,98.80715705765516
1767829999,1,100,0,0,0,0,0
1767830004,-1,49.90039840637346,0,0,0,0,49.601593625498374
1767830004,0,0.19880715705747434,0,0,0,0,98.80715705765402
1767830004,1,100,0,0,0,0,0
1767830009,-1,50,0,0.2988047808765064,0,0,49.30278884462215
1767830009,0,0.3976143141160608,0,0.3976143141152838,0,0,98.40954274353689
1767830009,1,100,0,0,0,0,0
1767830014,-1,50,0,0,0,0,49.60079840319398
1767830014,0,0.19880715705747434,0,0.19880715705765092,0,0,98.80715705765402
1767830014,1,100,0,0,0,0,5.684341886080801e-13
1767830019,-1,49.90039840637346,0,0,0,0,49.601593625498374
1767830019,0,0.3960396039600394,0,0,0,0,98.61386138613986
1767830019,1,100,0,0,0,0,0
1767830024,-1,30.26973026973185,0,0.09990009990010014,0,0,69.43056943056811
1767830024,0,0.19999999999981813,0,0,0,0,99.39999999999941
1767830024,1,60.40000000000021,0,0,0,0,39.59999999999923
1767830029,-1,0.09999999999990906,0,0.19999999999999576,0,0,99.60000000000036
1767830029,0,0.19960079840414705,0,0.5988023952095869,0,0,99.20159680638682
1767830029,1,0,0,0,0.19999999999999576,0,99.80000000000018
1767830034,-1,0.19999999999981813,0,0,0,0,99.70000000000027
1767830034,0,0.19999999999981813,0,0,0,0,99.80000000000018
1767830034,1,0.19960079840301245,0,0,0,0,99.60079840319398
1767830039,-1,0.29999999999972715,0,0.19999999999999576,0,0,99.50000000000045
1767830039,0,0.20040080160302376,0,0,0,0,99.59919839679395
1767830039,1,0.3992015968060249,0,0.19960079840318973,0,0,99.40119760479097
1767830044,-1,3.5070140280563336,0,0.30060120240482047,0,0,96.19238476953913
1767830044,0,1.6032064128253296,0,0.4008016032064214,0,0,97.99599198396749
1767830044,1,5.220883534136915,0,0.401606425702819,0,0,94.37751004016008
1767830049,-1,0.8008008008000899,0,0.9009009009009191,0,0,98.29829829829868
1767830049,0,0.6012024048102105,0,0.801603206412807,0,0,98.5971943887777
1767830049,1,0.9999999999996589,0,0.8000000000000007,0,0,98.2000000000005
1767830054,-1,0.10020040080265104,0,0,0,0,99.89979959919735
1767830054,0,0.20040080160302376,0,0.20040080160321957,0,0,99.59919839679395
1767830054,1,0.20000000000038654,0,0,0,0,99.80000000000018
1767830059,-1,0.10020040080151188,0,0,0,0,99.89979959919849
1767830059,0,0.19999999999981813,0,0,0,0,99.80000000000018
1767830059,1,0,0,0,0,0,100
1767830064,-1,0.19999999999981813,0,0.09999999999999788,0,0,99.70000000000027
1767830064,0,0,0,0.20040080160320176,0,0,99.79959919839584
1767830064,1,0.3992015968060249,0,0,0,0,99.60079840319398
1767830069,-1,0.29999999999972715,0,0.09999999999999788,0,0,99.60000000000036
1767830069,0,0.39999999999963626,0,0,0,0,99.60000000000036
1767830069,1,0.20040080160359336,0,0.20040080160320176,0,0,99.59919839679281
1767830074,-1,0.20040080160302376,0,0.10020040080160088,0,0,99.69939879759546
1767830074,0,0.20040080160302376,0,0.20040080160320176,0,0,99.59919839679395
1767830074,1,0,0,0,0,0,100
1767830079,-1,0.09990009990000685,0,0.09990009990009559,0,0,99.80019980019885
1767830079,0,0,0,0,0,0,100
1767830079,1,0.19999999999981813,0,0,0,0,99.80000000000018
