#timestamp,CPU,%usr,%nice,%system,%iowait,%steal,%idle
1767898058,-1,0.1752628943416273,0,2.516274411617304,3.5428142213318075,0,93.75312969454131
1767898058,0,0.20040080160303292,0,0.4509018036072334,1.052104208416884,0,98.29659318637309
1767898058,1,0.10020040080151646,0,2.0040080160321447,7.414829659318946,0,90.48096192384739
1767898058,2,0.20020020020028875,0,4.20420420420393,1.4514514514513823,0,94.14414414414476
1767898058,3,0.15030060120255948,0,3.4068136272546568,4.208416833667536,0,92.23446893787506
1767898068,-1,0.17548257708686418,0,2.5068939583860543,7.746302331412916,0,89.57132113311438
1767898068,0,0.10020040080149821,0,3.8076152304603843,2.204408817634954,0,93.88777555110292
1767898068,1,0.20120724346057128,0,2.917505030180928,21.126760563379214,0,75.75452716297943
1767898068,2,0.3006012024046042,0,0.7014028056113838,3.6072144288585255,0,95.39078156312485
1767898068,3,0.10020040080151646,0,2.6052104208418485,4.108216432865877,0,93.18637274549118
1767898078,-1,0.1001753067867852,0,2.47933884297514,4.507888805409391,0,92.91259704482869
1767898078,0,0.10020040080208603,0,3.3066132264530688,0.10020040080165886,0,96.49298597194351
1767898078,1,0.10020040080208603,0,0.3006012024048342,14.529058116233129,0,85.07014028055924
1767898078,2,0.10010010010058025,0,2.102102102102157,1.001001001000966,0,96.79679679679623
1767898078,3,0.10030090270803974,0,4.112337011033335,2.306920762287052,0,93.48044132397172
1767898088,-1,0.10012515644547318,0,4.3554443053820675,2.1777221526910338,0,93.34167709636921
1767898088,0,0,0,7.014028056112524,0.10020040080158765,0,92.8857715430855
1767898088,1,0.09999999999990906,0,2.1999999999999886,7.099999999999937,0,90.50000000000068
1767898088,2,0,0,3.103103103103123,0.20020020020023588,0,96.69669669669736
1767898088,3,0.20020020019998605,0,5.40540540540453,1.3013013013010473,0,93.0930930930948
1767898098,-1,0.1504513540626023,0,2.357071213640642,8.82647943831394,0,88.64092276830688
1767898098,0,0.10030090270802144,0,1.2036108324973263,4.012036108324493,0,94.6840521564703
1767898098,1,0.20100502512543061,0,0.8040201005025079,13.768844221104567,0,85.22613065326713
1767898098,2,0.20040080160299642,0,3.406813627254071,1.5030060120238256,0,94.88977955911903
1767898098,3,0.10040160642619102,0,3.915662650602759,16.064257028113875,0,79.91967871485653
1767898108,-1,0.07505629221909392,0,3.577683262446748,3.1273455091317577,0,93.21991493620226
1767898108,0,0.09999999999992723,0,6.200000000001138,0,0,93.6999999999989
1767898108,1,0,0,2.9999999999999716,6.000000000000014,0,90.90000000000032
1767898108,2,0.10010010010001123,0,1.8018018018018382,3.3033033033033585,0,94.79479479479373
1767898108,3,0.10020040080151646,0,3.206412825651446,3.1062124248498577,0,93.5871743486984
1767898118,-1,0.12531328320790153,0,2.6065162907267023,9.047619047618682,0,88.19548872180371
1767898118,0,0.10010010010001123,0,2.7027027027027573,5.305305305305433,0,91.79179179179225
1767898118,1,0.09999999999990906,0,0.9000000000000341,15,0,83.99999999999977
1767898118,2,0.10030090270802144,0,0.5015045135405347,10.43129388164378,0,88.96690070210852
1767898118,3,0.20040080160299642,0,6.412825651301722,5.711422845690595,0,87.67535070140319
1767898128,-1,0.15011258443818784,0,2.1516137102826836,3.3024768576431907,0,94.37077808356398
1767898128,0,0.09999999999989087,0,0.2999999999999568,0,0,99.5999999999993
1767898128,1,0.20060180541664965,0,4.914744232698365,5.817452357071579,0,89.0672016048134
1767898128,2,0.10010010010001123,0,3.003003003003111,6.7067067067068,0,90.1901901901898
1767898128,3,0.20020020020002247,0,0.40040040040040065,0.6006006006005654,0,98.79879879879987
1767898138,-1,0.1251877816724104,0,3.0796194291440715,4.8072108162249005,0,91.9879819729589
1767898138,0,0.10020040080151646,0,4.208416833667501,0.10020040080158765,0,95.59118236472986
1767898138,1,0.20020020020002247,0,6.106106106106234,8.508508508508708,0,85.18518518518468
1767898138,2,0.10010010010058025,0,1.1011011011011196,9.609609609609828,0,89.18918918918854
1767898138,3,0.20040080160360246,0,0.8016032064128437,1.0020040080160901,0,97.99599198396739
1767898148,-1,0.10017530678735462,0,3.656398697721005,0.275482093663944,0,95.96794390182791
1767898148,0,0.10020040080151646,0,1.5030060120240996,0.10020040080158765,0,98.29659318637309
1767898148,1,0.10010010010001123,0,6.506506506506706,0.3003003003002471,0,93.09309309309353
1767898148,2,0.10020040080151646,0,5.611222444890047,0.5010020040080806,0,93.78757515030028
1767898148,3,0.10020040080151646,0,1.102204408817678,0.10020040080165886,0,98.69739478957915
1767898158,-1,0.12531328320790153,0,1.9548872180450445,12.95739348370877,0,84.96240601503814
1767898158,0,0.30030030030060273,0,0.5005005005005541,2.002002002002074,0,97.19719719719627
1767898158,1,0,0,0.9027081243729769,22.367101303909163,0,76.73019057171736
1767898158,2,0.10030090270802144,0,5.7171514543624244,14.34302908726011,0,79.83951855566944
1767898158,3,0,0,0.7035175879397785,13.266331658292914,0,86.03015075376744
1767898168,-1,0.07507507507500844,0,2.1271271271271592,0.22522522522523866,0,97.57257257257189
1767898168,0,0.09999999999990906,0,8.100000000000023,0,0,91.70000000000073
1767898168,1,0.10010010010001123,0,0.10010010010008236,0.500500500500483,0,99.29929929929992
1767898168,2,0,0,0.10020040080160592,0,0,99.89979959919846
1767898168,3,0.09999999999989087,0,0.10000000000003297,0.29999999999988575,0,99.4999999999994
1767898178,-1,0.2003004506758202,0,2.628943415122559,7.185778668001595,0,89.95993990986483
1767898178,0,0.20020020019998605,0,2.3023023023019022,3.0030030030024935,0,94.49449449449583
1767898178,1,0.30030030030060273,0,4.604604604604714,17.9179179179183,0,77.0770770770758
1767898178,2,0.20020020019998605,0,1.1011011011009189,4.904904904904068,0,93.79379379379475
1767898178,3,0.10020040080151646,0,2.6052104208417775,3.00601202404827,0,94.28857715430901
1767898188,-1,0.1252818842394369,0,5.412177399148588,8.268604359810313,0,86.19393635680208
1767898188,0,0.1002004008021043,0,9.519038076154484,3.907815631263414,0,86.47294589178028
1767898188,1,0.20020020020002247,0,7.207207207207353,10.210210210210464,0,82.38238238238095
1767898188,2,0.10030090270803974,0,4.312938816449628,15.145436308927826,0,80.44132397191515
1767898188,3,0.10020040080149821,0,0.5010020040079182,3.807615230460349,0,95.59118236473066
1767898198,-1,0.10017530678733638,0,0.9266215877784484,4.783370899072534,0,94.18983220636183
1767898198,0,0.10030090270802144,0,0.9027081243729769,3.410230692075865,0,95.5867602808425
1767898198,1,0.20020020020002247,0,1.4014014014014375,8.808808808809026,0,89.58958958958972
1767898198,2,0.10020040080151646,0,0.5010020040080095,5.811623246493223,0,93.58717434869611
1767898198,3,0.10030090270862818,0,0.9027081243733776,1.0030090270815069,0,97.99398194583655
1767898208,-1,0.10007505629212522,0,3.1523642732047894,1.9014260695520862,0,94.82111583687853
1767898208,0,0.09999999999990906,0,7.59999999999998,0,0,92.30000000000018
1767898208,1,0,0,3.0090270812439717,5.315947843530881,0,91.67502507522586
1767898208,2,0.20000000000038654,0,1.6000000000000367,1.4999999999999858,0,96.70000000000073
1767898208,3,0,0,0.5005005005003919,0.8008008008006554,0,98.69869869869781
1767898218,-1,0.17552657973906954,0,5.16549648946875,17.176529588767416,0,77.45737211634811
1767898218,0,0.20060180541607947,0,3.4102306920764867,18.65596790371235,0,77.63289869608661
1767898218,1,0.10030090270802144,0,7.221664994984101,21.664994984952372,0,71.01303911735558
1767898218,2,0.10040160642560197,0,4.819277108433246,5.120481927710338,0,89.95983935743067
1767898218,3,0.30090270812411923,0,5.115346038114731,23.269809428286386,0,71.31394182547555
1767898228,-1,0.07503751875930544,0,0.42521260630308627,6.853426713356152,0,92.6463231615801
1767898228,0,0.09999999999990906,0,0.39999999999999153,6.599999999999966,0,92.90000000000077
1767898228,1,0.10000000000047748,0,0.7000000000000028,6.099999999999994,0,93.09999999999945
1767898228,2,0.09990009990000685,0,0.39960039960038235,6.893106893106792,0,92.60739260739268
1767898228,3,0.10010010009999303,0,0.30030030030019245,7.807807807806569,0,91.7917917917926
1767898238,-1,0.1002255073915678,0,2.054622901528991,2.15484840892063,0,95.69030318215917
1767898238,0,0,0,0.9018036072143382,4.809619238476327,0,94.28857715430891
1767898238,1,0.10020040080149821,0,6.312625250500083,1.7034068136270355,0,91.88376753507181
1767898238,2,0.10030090270803974,0,0.40120361083251527,0.40120361083251527,0,99.0972918756265
1767898238,3,0.10030090270803974,0,0.6018054162488086,1.8054162487463543,0,97.49247743229786
1767898248,-1,0.10007505629212522,0,4.753565173880285,4.703527645734153,0,90.41781336002161
1767898248,0,0.20000000000038654,0,14.099999999999966,8.399999999999963,0,77.29999999999905
1767898248,1,0.09990009990002502,0,4.29570429570498,1.098901098901269,0,94.40559440559292
1767898248,2,0.09999999999992723,0,0.30000000000006594,3.300000000000583,0,96.30000000000042
1767898248,3,0.10010010010001123,0,0.30030030030031823,6.006006006006151,0,93.59359359359246
1767898258,-1,0.17530678687741158,0,0.9516654144751401,12.046080641119685,0,86.82694715752648
1767898258,0,0.10020040080151646,0,0.3006012024048342,16.132264529058816,0,83.46693386773498
1767898258,1,0.2006018054160429,0,2.1063189568703744,2.0060180541622104,0,95.68706118355166
1767898258,2,0.10020040080206778,0,0.6012024048095588,9.819639278555723,0,89.47895791583244
1767898258,3,0.30060120240511895,0,0.7014028056112559,20.140280561123106,0,78.85771543086067
1767898268,-1,0.07505629221910759,0,0.6004503377534296,0.20015011258450022,0,99.09932449336956
1767898268,0,0.09999999999990906,0,0.30000000000001137,0.30000000000001137,0,99.30000000000064
1767898268,1,0,0,0.10010010010015351,0.5005005005005541,0,99.29929929929878
1767898268,2,0.10010010009999303,0,1.0010010010008548,0,0,98.89889889889893
1767898268,3,0.10010010010001123,0,1.001001001001037,0,0,98.89889889889874
1767898278,-1,0.20040080160303292,0,5.48597194388801,3.181362725451067,0,91.10721442885801
1767898278,0,0.1004016064256203,0,9.337349397591177,7.730923694779826,0,82.83132530120409
1767898278,1,0.20000000000042292,0,7.400000000001294,2.8000000000005207,0,89.49999999999855
1767898278,2,0.20020020020005894,0,2.802802802803386,2.1021021021025392,0,94.79479479479392
1767898278,3,0.2008032128512406,0,2.409638554217027,0.10040160642576297,0,97.28915662650711
1767898288,-1,0.15026296018015042,0,1.2521913348357256,11.945905334332776,0,86.62659654395408
1767898288,0,0.09999999999990906,0,0.5999999999999517,6.2999999999999545,0,92.99999999999955
1767898288,1,0.2006018054160429,0,0.6018054162486988,24.774322968903817,0,74.42326980943173
1767898288,2,0.20040080160299642,0,2.4048096192380926,16.432865731460655,0,80.96192384769826
1767898288,3,0.10020040080206778,0,1.4028056112222564,0.4008016032063488,0,98.09619238476925
1767898298,-1,0.12525050100246513,0,2.8807615230462327,5.160320641282796,0,91.83366733466843
1767898298,0,0.20040080160360246,0,1.3026052104209243,2.8056112224450236,0,95.69138276553137
1767898298,1,0,0,3.206412825651446,13.226452905812206,0,83.56713426853536
1767898298,2,0.10010010010058025,0,3.903903903903995,0.8008008008008725,0,95.19519519519378
1767898298,3,0.20020020020002247,0,3.2032032032032762,3.903903903903995,0,92.69269269269235
1767898308,-1,0.15018773466820978,0,3.3541927409264107,4.10513141426817,0,92.36545682102755
1767898308,0,0.10010010010001123,0,5.005005005005114,0.10010010010015351,0,94.69469469469371
1767898308,1,0.20020020019998605,0,5.105105105104267,10.910910910909125,0,83.68368368368749
1767898308,2,0.30030030030003374,0,1.1011011011011196,4.1041041041041595,0,94.49449449449597
1767898308,3,0.10030090270803974,0,2.1063189568707585,1.1033099297894349,0,96.69007021063241
1767898318,-1,0.12534469791916583,0,3.1336174479819965,8.398094760591736,0,88.31787415392235
1767898318,0,0.10020040080151646,0,3.3066132264530332,6.513026052104479,0,89.97995991983925
1767898318,1,0.10020040080151646,0,0.6012024048096684,11.322645290581683,0,87.9759519038055
1767898318,2,0.2008032128512406,0,3.212851405622774,11.44578313253113,0,85.1405622489945
1767898318,3,0.10010010010001123,0,5.505505505505669,4.404404404404478,0,89.98998998998863
1767898328,-1,0.15007503751863818,0,2.1510755377690667,3.3516758379193092,0,94.34717358679342
1767898328,0,0.09999999999989087,0,0.2999999999999568,0.09999999999996192,0,99.50000000000054
1767898328,1,0.10020040080208603,0,0.6012024048096684,5.010020040080308,0,94.28857715430786
1767898328,2,0.19980019980054528,0,2.9970029970024297,5.894105894104658,0,90.90909090909194
1767898328,3,0.20040080160360246,0,4.709418837675545,2.3046092184370144,0,92.78557114228398
1767898338,-1,0.07516913054363474,0,3.9839639188162725,6.639939864693717,0,89.27587070909786
1767898338,0,0.10020040080151646,0,0.5010020040080806,0,0,99.39879759518976
1767898338,1,0,0,7.014028056112489,15.030060120241137,0,77.95591182364815
1767898338,2,0.20020020020005894,0,4.604604604605552,3.9039039039047054,0,91.29129129128947
1767898338,3,0,0,3.811434302908931,7.723169508526044,0,88.36509528585712
1767898348,-1,0.15026296018077462,0,1.3022789882296548,5.659904833459591,0,92.88755321813126
1767898348,0,0.2002002002005915,0,0.2002002002001647,3.103103103103194,0,96.49649649649733
1767898348,1,0.10020040080149821,0,0.7014028056111282,8.517034068135178,0,90.68136272545155
1767898348,2,0.10020040080151646,0,3.907815631262702,4.909819639278791,0,91.08216432865706
1767898348,3,0.2999999999996726,0,0.4999999999999517,5.999999999998923,0,93.20000000000174
1767898358,-1,0.07522567703101608,0,4.438314944834011,7.9488465396178976,0,87.53761283851637
1767898358,0,0.1004016064256203,0,1.2048192771085136,5.923694779116948,0,92.7710843373485
1767898358,1,0,0,3.2096288866601936,16.750250752257887,0,80.04012036108185
1767898358,2,0.10030090270802144,0,3.0090270812433513,4.012036108324493,0,92.87863590772477
1767898358,3,0,0,10.230692076229317,5.2156469408227695,0,84.55366098294706
1767898368,-1,0.1251877816724104,0,3.605408112168693,6.359539308964212,0,89.88482724086013
1767898368,0,0,0,3.106212424849292,4.809619238476327,0,92.08416833667367
1767898368,1,0.10020040080151646,0,0.5010020040080806,1.8036072144288626,0,97.49498997995981
1767898368,2,0.10020040080151646,0,6.713426853707725,14.92985971943955,0,78.25651302605156
1767898368,3,0.3009027081246345,0,4.012036108324493,3.811434302908307,0,91.87562688064342
1767898378,-1,0.97597597597607,0,2.2272272272268365,1.9019019019016457,0,94.89489489489466
1767898378,0,0.30060120240454935,0,2.50501002004019,1.302605210420853,0,95.89178356713441
1767898378,1,3.1031031031026286,0,2.6026026026021656,0.4004004004003988,0,93.89389389389588
1767898378,2,0.30030030030060273,0,0.500500500500483,3.103103103103194,0,96.09609609609501
1767898378,3,0.1998001998000137,0,3.2967032967032788,2.797202797202748,0,93.70629370629389
1767898388,-1,0.10015022533792833,0,4.656985478217937,3.179769654482071,0,92.06309464196178
1767898388,0,0.09999999999990906,0,2.59999999999998,8.200000000000003,0,89.10000000000082
1767898388,1,0.10020040080153472,0,3.707414829660131,2.3046092184374345,0,93.88777555110069
1767898388,2,0.20020020020002247,0,3.2032032032032762,0.7007007007007188,0,95.89589589589613
1767898388,3,0.10020040080151646,0,9.118236472946256,1.5030060120240996,0,89.27855711422862
1767898398,-1,0.1753067868768741,0,1.828199348860467,17.305284247432944,0,80.66616579013451
1767898398,0,0.10000000000045929,0,0.5999999999999136,44.499999999991935,0,54.70000000000624
1767898398,1,0.20040080160303292,0,2.4048096192386024,2.304609218436872,0,95.09018036072113
1767898398,2,0.20060180541661304,0,4.012036108324493,22.36710130390909,0,73.42026078234923
1767898398,3,0.10030090270803974,0,0.40120361083251527,0,0,99.49849548645867
1767898408,-1,0.1001753067867852,0,1.252191334835954,18.68269471575245,0,79.96493864262473
1767898408,0,0.10020040080153472,0,0.4008016032064948,36.47294589179182,0,63.02605210420065
1767898408,1,0.10020040080149821,0,3.006012024047651,28.356713426849762,0,68.53707414829995
1767898408,2,0.20020020020002247,0,0.6006006006006365,9.909909909910146,0,89.2892892892897
1767898408,3,0.09999999999990906,0,0.9000000000000341,0.09999999999998009,0,98.900000000001
1767898418,-1,0.15007503751863818,0,2.601300650325408,5.302651325663383,0,91.92096048023924
1767898418,0,0,0,0.5005005005005541,6.4064064064065525,0,93.09309309309239
1767898418,1,0.10020040080208603,0,2.8056112224450236,2.6052104208418485,0,94.48897795591203
1767898418,2,0.19999999999981813,0,3.1000000000000227,6.999999999999957,0,89.60000000000036
1767898418,3,0.10020040080149821,0,4.008016032063559,5.110220440881107,0,90.78156312625305
1767898428,-1,0.10015022533847937,0,3.8557836755130963,3.7806710065095213,0,92.26339509263791
1767898428,0,0.10020040080151646,0,3.006012024048199,4.008016032064218,0,92.8857715430855
1767898428,1,0.09999999999990906,0,4.399999999999977,8.100000000000023,0,87.40000000000009
1767898428,2,0.20040080160356596,0,3.807615230460349,3.106212424849292,0,92.88577154308679
1767898428,3,0.10010010010058025,0,4.204204204204314,0,0,95.69569569569497
1767898438,-1,0.12525050100187274,0,1.5531062124245747,8.84268537074019,0,89.4539078156349
1767898438,0,0.10020040080149821,0,2.104208416833384,13.727454909817782,0,84.06813627254812
1767898438,1,0.10030090270803974,0,1.9057171514545366,13.039117352056998,0,84.95486459378036
1767898438,2,0.1004016064256203,0,1.50602409638566,3.5140562248998495,0,94.8795180722888
1767898438,3,0.20020020020005894,0,0.8008008008009471,4.9049049049058535,0,94.0940940940937
1767898448,-1,0.12509382036515654,0,1.5511633725293632,2.051538653990416,0,96.2221666249683
1767898448,0,0.10010010010001123,0,0.30030030030031823,7.307307307307506,0,92.2922922922923
1767898448,1,0.09999999999990906,0,0.39999999999999153,0,0,99.2999999999995
1767898448,2,0.19980019980005004,0,1.5984015984018909,0.899100899101077,0,97.30269730269706
1767898448,3,0,0,3.907815631261989,0.20040080160321,0,95.89178356713401
1767898458,-1,0.1001753067867852,0,3.2556974705735082,4.60806411219639,0,92.0360631104426
1767898458,0,0,0,5.516549648947175,2.708124373119496,0,91.7753259779339
1767898458,1,0.09999999999990906,0,2.1999999999999886,6.599999999999966,0,91.00000000000136
1767898458,2,0.20040080160303292,0,2.8056112224450236,6.01202404809654,0,90.98196392785555
1767898458,3,0.20020020020002247,0,2.502502502502557,3.00300300300304,0,94.2942942942948
1767898468,-1,0.12534469791916583,0,3.885685635497632,8.322887941840165,0,87.64101278515942
1767898468,0,0.20000000000038654,0,2.30000000000004,17.40000000000009,0,79.99999999999773
1767898468,1,0.1004016064256203,0,2.4096385542170986,11.546184738956892,0,85.9437751004006
1767898468,2,0.20080321285177463,0,6.726907630521467,0,0,93.07228915662661
1767898468,3,0.10030090270802144,0,4.012036108324493,4.413239719157006,0,91.47442326981134
1767898478,-1,0.07507507507500844,0,0.22522522522523866,2.6276276276277133,0,97.07207207207182
1767898478,0,0,0,0.10010010010008236,6.806806806806881,0,93.09309309309353
1767898478,1,0.10010010010056203,0,0.2002002002001283,3.703703703703156,0,95.99599599599573
1767898478,2,0.09990009990000685,0,0.29970029970023354,0,0,99.60039960039997
1767898478,3,0,0,0.40080160320642183,0,0,99.59919839679165
1767898488,-1,0.15011258443878403,0,4.203152364273865,10.207655741807876,0,85.41406054540701
1767898488,0,0.10020040080149821,0,3.6072144288572097,17.234468937873356,0,79.05811623246751
1767898488,1,0.20020020020002247,0,1.4014014014014375,7.607607607607683,0,90.790790790791
1767898488,2,0.10030090270802144,0,6.51955867602738,4.814443329989305,0,88.5656970912753
1767898488,3,0.20000000000042292,0,5.300000000000975,11.000000000001945,0,83.49999999999837
1767898498,-1,0.10012515644547318,0,1.2765957446809213,4.730913642052876,0,93.89236545682158
1767898498,0,0.10010010010001123,0,0.30030030030031823,10.210210210210393,0,89.3893893893897
1767898498,1,0.10010010010001123,0,0.20020020020023588,0,0,99.59959959959996
1767898498,2,0.09999999999990906,0,0.7000000000000028,3.5999999999999943,0,95.59999999999945
1767898498,3,0.10020040080149821,0,3.907815631261989,5.210420841682676,0,90.78156312625418
1767898508,-1,0.07515030060112365,0,6.237474949898958,11.798597194387234,0,81.88877755511268
1767898508,0,0.10010010010001123,0,4.404404404404478,17.017017017017416,0,78.47847847847937
1767898508,1,0,0,0.7021063189567914,10.531594784351801,0,88.7662988966902
1767898508,2,0.10030090270803974,0,7.522567703109822,18.65596790371235,0,73.72116349046965
1767898508,3,0,0,12.124248496994527,1.102204408817678,0,86.7735470941873
1767898518,-1,0.1252818842394369,0,1.2277624655476211,0.025056376847887377,0,98.62189927336449
1767898518,0,0.10020040080149821,0,3.80761523046042,0.10020040080164058,0,95.99198396793551
1767898518,1,0.20040080160303292,0,0.3006012024048342,0,0,99.49899799599241
1767898518,2,0.2002002002005915,0,0.40040040040040065,0,0,99.39939939939879
1767898518,3,0.10010010009999303,0,0.5005005005003919,0,0,99.39939939940004
1767898528,-1,0.17508754377171268,0,3.751875937968684,4.827413706853057,0,91.2456228114064
1767898528,0,0.10020040080151646,0,0.40080160320642183,7.9158316633269195,0,91.58316633266465
1767898528,1,0.10010010010058025,0,2.102102102102157,0.5005005005006252,0,97.29729729729742
1767898528,2,0.09999999999990906,0,2.399999999999949,7.700000000000102,0,89.80000000000132
1767898528,3,0.3003003003006574,0,10.110110110112224,3.2032032032038598,0,86.38638638638234
1767898538,-1,0.17535070140319142,0,4.458917835670729,4.809619238476185,0,90.5310621242493
1767898538,0,0.20020020020062793,0,3.103103103103759,2.6026026026031843,0,94.09409409409257
1767898538,1,0.20040080160303292,0,6.112224448898057,0,0,93.68737474949877
1767898538,2,0.20060180541607947,0,6.218655967904165,9.82948846539673,0,83.75125376128274
1767898538,3,0.20040080160303292,0,2.50501002004019,6.713426853707725,0,90.58116232464948
1767898548,-1,0.07513148009010258,0,1.1520160280492362,4.733283245680877,0,94.0395692461795
1767898548,0,0,0,0.3012048192770199,11.445783132529039,0,88.2530120481943
1767898548,1,0,0,0.30060120240476296,2.50501002004019,0,97.19438877755526
1767898548,2,0.10010010009999303,0,4.004004004003348,5.005005005004203,0,90.89089089089153
1767898548,3,0.19999999999978174,0,0,0,0,99.80000000000022
1767898558,-1,0.15030060120227468,0,2.3547094188377726,3.7074148296593843,0,93.76252505010048
1767898558,0,0.10020040080149821,0,1.4028056112222564,7.41482965931756,0,91.08216432865869
1767898558,1,0.20020020020002247,0,3.8038038038039126,1.4014014014014375,0,94.49449449449483
1767898558,2,0.10020040080151646,0,3.8076152304611135,6.112224448898057,0,89.97995991983925
1767898558,3,0.10020040080151646,0,0.5010020040080095,0,0,99.39879759518976
1767898568,-1,0.15015015014998953,0,2.8528528528524326,5.08008008007934,0,91.91691691691817
1767898568,0,0.09999999999990906,0,2.5,8.200000000000074,0,89.20000000000073
1767898568,1,0.20020020020055504,0,5.905905905904993,1.7017017017013039,0,92.19219219219258
1767898568,2,0.10020040080208603,0,1.7034068136272749,9.819639278557583,0,88.37675350701383
1767898568,3,0.3000000000002956,0,1.1999999999999744,0.6000000000000227,0,97.89999999999964
1767898578,-1,5.03128911138958,0,0.7759699624531285,0.25031289111382526,0,93.94242803504318
1767898578,0,7.414829659320405,0,0.7014028056113838,0.8016032064129897,0,91.0821643286543
1767898578,1,4.509018036072228,0,0.8016032064128437,0,0,94.68937875751507
1767898578,2,4.809619238476777,0,0.6012024048096684,0.10020040080165886,0,94.48897795591203
1767898578,3,3.306613226452891,0,1.0020040080160901,0,0,95.69138276553137
1767898588,-1,0.05007511266895505,0,0.0500751126690262,0,0,99.89984977466209
1767898588,0,0.10010010009999303,0,0,0,0,99.8998998999
1767898588,1,0,0,0,0,0,100
1767898588,2,0,0,0.10010010010008236,0,0,99.89989989989886
1767898588,3,0.10020040080151646,0,0.10020040080158765,0,0,99.79959919839696
1767898598,-1,0.05003752814607172,0,0.05003752814607172,0,0,99.87490617963425
1767898598,0,0,0,0,0,0,100
1767898598,1,0.10010010009999303,0,0,0,0,99.8998998999
1767898598,2,0.10010010010001123,0,0,0,0,99.89989989989999
1767898598,3,0.10010010010001123,0,0,0,0,99.89989989989999
1767898608,-1,0.025025025025567256,0,0.025025025024998256,0.025025025024998256,0,99.92492492492444
1767898608,0,0,0,0,0,0,100
1767898608,1,0,0,0.09990009990009599,0.09990009990016699,0,99.70029970029879
1767898608,2,0,0,0,0.10010010010001123,0,99.89989989989999
1767898608,3,0,0,0.10010010010013527,0,0,99.79979979980001
1767898618,-1,0.050050050050005616,0,0.02502502502507394,0,0,99.92492492492556
1767898618,0,0,0,0.10010010010015351,0,0,99.89989989989999
1767898618,1,0.10010010010001123,0,0,0,0,99.89989989989999
1767898618,2,0.09990009990055657,0,0.09990009990013067,0,0,99.80019980020002
1767898618,3,0.10000000000047748,0,0.09999999999998009,0,0,99.79999999999905
1767898628,-1,0.025025025025002808,0,0.050050050050005616,0,0,99.92492492492556
1767898628,0,0,0,0,0,0,100
1767898628,1,0,0,0,0,0,100
1767898628,2,0,0,0,0,0,100
1767898628,3,0.10010010010002947,0,0,0,0,99.89989989989996
