#timestamp,CPU,%usr,%nice,%system,%iowait,%steal,%idle
1767800533,-1,50.25000000000121,0,0.4000000000000005,0.24999999999999145,0.05000000000000118,48.9999999999989
1767800533,0,95.30000000000001,0,0.19999999999996018,0,0,4.500000000000455
1767800533,1,5.215646940822484,0,0.7021063189568715,0.40120361083248784,0,93.68104312938823
1767800538,-1,50.30060120240481,0,0.5010020040079866,0,0,49.19839679358676
1767800538,0,100,0,0,0,0,0
1767800538,1,0.6012024048096409,0,1.0020040080160446,0,0,98.3967935871741
1767800543,-1,50.40080160320633,0,0.20040080160323737,0,0,49.39879759519093
1767800543,0,75.39999999999964,0,0,0,0,24.600000000000364
1767800543,1,25.10040160642561,0,0.40160642570280125,0,0,74.49799196787194
1767800548,-1,50.250250250248875,0,0.3003003003003046,0,0,49.44944944945053
1767800548,0,100,0,0,0,0,0
1767800548,1,0.6012024048095259,0,0.6012024048096684,0,0,98.79759519038066
1767800553,-1,50.30000000000001,0,0.39999999999999153,0,0,49.30000000000007
1767800553,0,99.80000000000018,0,0,0,0,0.1999999999998181
1767800553,1,0.5988023952096047,0,0.5988023952096047,0.19960079840315426,0,98.40319361277477
1767800558,-1,50.300601202407115,0,0.3006012024048342,0,0,49.39879759518748
1767800558,0,100,0,0,0,0,0
1767800558,1,0.5999999999999954,0,0.7999999999999465,0,0,98.59999999999962
1767800563,-1,51.048951048947465,0,0.3996003996003642,0,0,48.45154845155166
1767800563,0,56.71342685370756,0,0,0,0,43.286573146291296
1767800563,1,45.60000000000002,0,0.7999999999999831,0,0,53.600000000000136
1767800568,-1,50.45135406218988,0,0.40120361083251527,0,0,49.147442326977675
1767800568,0,1.3999999999998636,0,0.40000000000006253,0,0,98.2000000000005
1767800568,1,99.59839357429684,0,0.40160642570280125,0,0,5.684341886080801e-13
1767800573,-1,50.24975024974917,0,0.29970029970030454,0,0,49.45054945055053
1767800573,0,71.54308617234443,0,0,0,0,28.45691382765557
1767800573,1,28.94211576846304,0,0.5988023952096047,0,0.19960079840319417,70.25948103792447
1767800578,-1,50.25025025024916,0,0.4004004004003824,0,0,49.349349349350526
1767800578,0,88.40000000000434,0,0.1999999999999693,0,0,11.399999999995842
1767800578,1,12.000000000000574,0,0.60000000000005,0,0,87.39999999999952
1767800583,-1,50.20040080160532,0,0.3006012024048342,0,0,49.49899799599014
1767800583,0,100,0,0,0,0,0
1767800583,1,0.4016064257028542,0,0.6024096385541386,0,0,98.9959839357428
1767800588,-1,50.25025025024916,0,0.30030030030023347,0.10010010010000668,0,49.349349349350526
1767800588,0,100,0,0,0,0,0
1767800588,1,0.4008016032063324,0,0.6012024048096409,0,0,98.99799599198374
1767800593,-1,50.39999999999992,0,0.30000000000001137,0,0,49.30000000000007
1767800593,0,71.19999999999624,0,0,0,0,28.800000000003195
1767800593,1,29.659318637274573,0,0.6012024048096409,0,0,69.73947895791606
1767800598,-1,50.350350350349174,0,0.5005005005005313,0,0,49.14914914914994
1767800598,0,40.76305220883521,0,0.4016064257028725,0,0,58.835341365461765
1767800598,1,59.7999999999999,0,0.5999999999999517,0,0,39.60000000000037
1767800603,-1,50.300601202407115,0,0.30060120240476296,0,0,49.39879759518805
1767800603,0,75.04990019960472,0,0.59880239520949,0,0,24.351297405185647
1767800603,1,25.45090180360839,0,0,0,0,74.54909819639147
1767800608,-1,50.29999999999772,0,0.4000000000000443,0,0,49.30000000000238
1767800608,0,84.16833667334248,0,0.20040080160329943,0,0,15.4308617234515
1767800608,1,16.400000000000006,0,0.39999999999999153,0,0,83.19999999999993
1767800613,-1,50.300601202404536,0,0.2004008016031662,0,0,49.49899799599245
1767800613,0,92.0159680638727,0,0.19960079840315426,0,0,7.784431137724283
1767800613,1,8.232931726907532,0,0.40160642570280125,0,0,91.36546184738945
1767800618,-1,50.2000000000001,0,0.39999999999999153,0,0,49.39999999999998
1767800618,0,50.300601202404536,0,0.6012024048096409,0,0,49.098196392785255
1767800618,1,50.2000000000001,0,0.20000000000003126,0,0,49.600000000000364
1767800623,-1,50.30000000000201,0,0.300000000000025,0,0.10000000000000464,49.19999999999728
1767800623,0,77.40000000000362,0,0.60000000000005,0,0,21.999999999996916
1767800623,1,23.399999999999892,0,0,0,0,76.59999999999968
1767800628,-1,50.299999999998015,0,0.5999999999999954,0,0,49.100000000002
1767800628,0,71.74348697394419,0,0.20040080160315704,0,0,28.056112224452818
1767800628,1,29.058116232464933,0,0.801603206412807,0,0,70.14028056112211
1767800633,-1,50.35035035035118,0,0.30030030030031823,0,0,49.34934934934879
1767800633,0,60,0,0,0,0,40
1767800633,1,40.681362725450846,0,0.6012024048096409,0,0,58.71743486973951
1767800638,-1,50.25025025025174,0,0.40040040040040065,0,0,49.34934934934765
1767800638,0,80.03992015968116,0,0.19960079840315426,0,0,19.760479041915247
1767800638,1,20.240480961923772,0,0.6012024048096409,0,0,79.15831663326674
1767800643,-1,50.35035035034888,0,0.4004004004003824,0,0,49.24924924925109
1767800643,0,99.99999999999943,0,0,0,0,1.1368683772161603e-12
1767800643,1,0.6012024048096409,0,0.801603206412807,0,0,98.5971943887777
1767800648,-1,50.4000000000002,0,0.30000000000001137,0,0,49.2999999999995
1767800648,0,100,0,0,0,0,0
1767800648,1,0.7984031936127589,0,0.5988023952096047,0,0,98.40319361277363
1767800653,-1,50.40080160320605,0,0.20040080160323737,0,0,49.39879759519093
1767800653,0,85.79999999999652,0,0,0,0,14.200000000002362
1767800653,1,14.829659318637287,0,0.6012024048095697,0,0,84.5691382765535
1767800658,-1,50.300601202405105,0,0.5010020040079866,0,0,49.19839679358676
1767800658,0,99.79999999999961,0,0,0,0,0.20000000000095497
1767800658,1,0.801603206412807,0,1.0020040080160446,0,0,98.19639278557108
1767800663,-1,50.9490509490495,0,1.8981018981018338,0,0,47.152847152848665
1767800663,0,82.60000000000048,0,1.5999999999999661,0,0,15.799999999999272
1767800663,1,19.322709163345785,0,2.1912350597608534,0.1992031872509481,0.1992031872509879,78.0876494023909
1767800668,-1,50.249750249751735,0,0.3996003996004715,0.09990009990015337,0,49.25074925074764
1767800668,0,95.99198396793554,0,0.6012024048096409,0,0,3.40681362725482
1767800668,1,4.609218436873819,0,0,0,0,95.39078156312647
1767800673,-1,50.300601202404536,0,0.7014028056111528,0,0.10020040080160311,48.8977955911828
1767800673,0,39.39999999999998,0,0.7999999999999831,0,0,59.80000000000018
1767800673,1,61.12224448898057,0,0.8016032064128437,0,0,38.07615230460644
1767800678,-1,50.10000000000219,0,0.300000000000025,0,0,49.49999999999816
1767800678,0,76.90763052209127,0,0.2008032128515168,0,0,22.891566265057506
1767800678,1,23.600000000000136,0,0.40000000000006253,0,0,75.99999999999966
1767800683,-1,50.35035035034946,0,0.4004004004004535,0,0,49.24924924924995
1767800683,0,99.20318725099673,0,0.39840637450191424,0.19920318725095712,0,0.19920318725081643
1767800683,1,1.202404809618997,0,0.2004008016031662,0,0,98.59719438877826
1767800688,-1,50.250250250248875,0,0.7007007007006159,0,0,49.04904904905108
1767800688,0,52.79999999999973,0,0.7999999999999831,0,0,46.399999999999864
1767800688,1,47.69539078156323,0,0.6012024048096409,0,0,51.70340681362684
1767800693,-1,50.25025025025117,0,0.2002002002001647,0,0,49.54954954954881
1767800693,0,16.43286573146276,0,0.20040080160330856,0,0,83.36673346693422
1767800693,1,83.99999999999595,0,0.39999999999997327,0,0,15.600000000004428
1767800698,-1,50.350350350351746,0,0.40040040040047176,0,0,49.24924924924764
1767800698,0,71.1999999999968,0,0.5999999999998533,0,0.19999999999999107,28.000000000002828
1767800698,1,29.258517034069577,0,0,0,0,70.74148296593043
1767800703,-1,50.250250250248875,0,0.3003003003003046,0,0,49.4494494494511
1767800703,0,72.05588822355656,0,0,0,0,27.74451097804041
1767800703,1,28.456913827655296,0,0.6012024048096409,0,0,70.94188376753478
1767800708,-1,50.199999999999825,0,0.39999999999992036,0,0,49.400000000000546
1767800708,0,41.48296593186351,0,0,0,0,58.51703406813649
1767800708,1,58.799999999999955,0,0.7999999999999831,0,0,40.400000000000205
1767800713,-1,50.250752256771804,0,0.30090270812439057,0,0,49.44834503510352
1767800713,0,100,0,0,0,0,0
1767800713,1,0.40160642570272986,0,0.6024096385542375,0,0,98.99598393574274
1767800718,-1,50.35035035034888,0,0.5005005005004601,0,0,49.149149149151086
1767800718,0,46.506986027941764,0,0.3992015968064322,0,0,53.09381237525223
1767800718,1,54.20000000000016,0,0.5999999999999517,0,0,45.19999999999982
1767800723,-1,50.3000000000003,0,0.30000000000001137,0,0,49.29999999999837
1767800723,0,97.99599198397195,0,0,0,0,2.0040080160280525
1767800723,1,2.6052104208415874,0,0.801603206412807,0,0,96.59318637274575
1767800728,-1,50.25025025025117,0,0.40040040040047176,0,0,49.34934934934879
1767800728,0,97.00598802394815,0,0.1996007984031452,0,0,2.794411177648854
1767800728,1,3.1999999999999322,0,0.6000000000000938,0,0,96.00000000000023
1767800733,-1,50.29999999999744,0,0.2999999999999977,0,0,49.40000000000171
1767800733,0,100,0,0,0,0,0
1767800733,1,0.8016032064129495,0,0.4008016032063324,0,0,98.79759519038072
1767800738,-1,50.3000000000003,0,0.30000000000001137,0,0,49.400000000000546
1767800738,0,23.600000000000136,0,0.20000000000010232,0,0,76.20000000000005
1767800738,1,76.84630738522957,0,0.5988023952096047,0,0,22.554890219560832
1767800743,-1,50.35035035035118,0,0.2002002002001647,0,0,49.449449449447656
1767800743,0,69.53907815630875,0,0.4008016032063141,0,0,30.060120240484096
1767800743,1,31.200000000000045,0,0,0,0,68.79999999999995
1767800748,-1,50.25025025025174,0,0.6006006006006365,0,0,49.14914914914763
1767800748,0,73.2000000000005,0,1.0000000000000853,0,0,25.799999999999272
1767800748,1,27.45490981963807,0,0,0,0,72.54509018036194
1767800753,-1,50.30060120240224,0,0.30060120240480676,0,0,49.39879759519323
1767800753,0,35.27054108216569,0,0.6012024048095259,0,0,64.1282565130252
1767800753,1,65.19999999999982,0,0.19999999999996018,0,0,34.600000000000364
1767800758,-1,50.34965034964946,0,0.3996003996003114,0,0,49.25074925074995
1767800758,0,93.81237524949668,0,0.5988023952095775,0,0,5.588822355294312
1767800758,1,6.813627254509385,0,0,0,0,93.18637274549062
1767800763,-1,50.300601202406824,0,0.3006012024048342,0,0,49.398797595188626
1767800763,0,30,0,0.6000000000000227,0,0,69.39999999999941
1767800763,1,70.39999999999992,0,0.20000000000010232,0,0,29.399999999999977
1767800768,-1,50.199600798405285,0,0.29940119760481587,0,0.09980039920160161,49.30139720558716
1767800768,0,48.09619238477232,0,0.40080160320649305,0,0,51.50300601202161
1767800768,1,52.60000000000019,0,0.19999999999996018,0,0,47.19999999999971
1767800773,-1,50.30060120240282,0,0.20040080160315704,0,0,49.4989979959936
1767800773,0,99.80000000000018,0,0,0,0,0.1999999999998181
1767800773,1,0.4024144869214653,0,0.4024144869214653,0,0,99.19517102615707
1767800778,-1,50.29999999999972,0,0.6000000000000227,0,0,49.10000000000082
1767800778,0,57.4000000000001,0,0.5999999999998806,0,0,41.99999999999932
1767800778,1,43.19999999999993,0,0.6000000000000227,0,0,56.200000000000045
1767800783,-1,50.30060120240282,0,0.30060120240480676,0,0,49.39879759519209
1767800783,0,70.54108216433139,0,0,0,0,29.458917835668615
1767800783,1,30.200000000000106,0,0.40000000000006253,0,0,69.39999999999998
1767800788,-1,50.300601202406824,0,0.3006012024048342,0,0,49.398797595188626
1767800788,0,99.79959919839243,0,0.20040080160329943,0,0,4.547473508864641e-12
1767800788,1,0.6012024048096135,0,0.6012024048096135,0,0.20040080160319712,98.59719438877775
1767800793,-1,50.29999999999972,0,0.40000000000006253,0,0,49.2999999999995
1767800793,0,99.39999999999941,0,0.39999999999992036,0,0,0.20000000000095497
1767800793,1,1.2000000000000455,0,0.19999999999996018,0,0,98.40000000000032
1767800798,-1,50.3006012024074,0,0.4008016032063506,0,0,49.298597194387106
1767800798,0,85.60000000000059,0,0.20000000000010232,0,0,14.19999999999959
1767800798,1,15,0,0.6000000000000227,0,0,84.39999999999998
1767800803,-1,50.350350350346595,0,0.30030030030029087,0,0,49.349349349352266
1767800803,0,93.79999999999995,0,0,0,0,6.2000000000000455
1767800803,1,6.82730923694755,0,0.6024096385542375,0,0,92.57028112449792
1767800808,-1,50.3000000000003,0,0.6000000000000227,0,0,49.00000000000091
1767800808,0,73.599999999999,0,0.39999999999992036,0,0,26.000000000000227
1767800808,1,26.946107784432584,0,0.9980039920159586,0,0,72.05588822355146
1767800813,-1,50.20040080160532,0,0.2004008016031753,0,0,49.59919839679051
1767800813,0,81.400000000001,0,0.19999999999996018,0,0,18.39999999999918
1767800813,1,18.875502008032015,0,0.20080321285136493,0,0,80.92369477911677
1767800818,-1,50.199999999999825,0,0.5000000000001137,0,0,49.30000000000063
1767800818,0,54.50901803607394,0,0.6012024048096684,0,0,44.88977955911696
1767800818,1,45.89178356713222,0,0.20040080160329943,0,0,53.907815631264484
1767800823,-1,50.25025025025117,0,0.300300300300176,0,0,49.4494494494488
1767800823,0,22.444889779558146,0,0.4008016032064565,0,0,77.15430861723468
1767800823,1,78.19999999999993,0,0.19999999999996018,0,0,21.60000000000025
1767800828,-1,50.29999999999573,0,0.4000000000000261,0,0,49.300000000004104
1767800828,0,44.488977955910265,0,0.6012024048096135,0,0,54.90981963928069
1767800828,1,56.00000000000504,0,0.19999999999997842,0,0,43.799999999994846
1767800833,-1,50.300601202406824,0,0.3006012024048342,0,0,49.398797595188626
1767800833,0,99.20159680639131,0,0.59880239520949,0,0,0.19960079839847822
1767800833,1,1.0020040080159276,0,0.20040080160315704,0,0,98.79759519038078
1767800838,-1,50.350350350351746,0,0.500500500500483,0,0,49.14914914914763
1767800838,0,99.80000000000018,0,0.20000000000010232,0,0,0
1767800838,1,0.801603206412913,0,0.8016032064127706,0,0,98.39679358717474
1767800843,-1,50.199999999999825,0,0.40000000000006253,0,0,49.400000000000546
1767800843,0,100,0,0,0,0,0
1767800843,1,0.6012024048096684,0,0.6012024048096684,0,0,98.79759519038066
1767800848,-1,50.25025025025117,0,0.4004004004003294,0,0,49.34934934934765
1767800848,0,67.93587174348967,0,0,0,0,32.06412825651033
1767800848,1,32.46492985971771,0,0.8016032064127706,0,0,66.73346693386938
1767800853,-1,50.25025025024716,0,0.30030030030029087,0,0,49.44944944945227
1767800853,0,99.99999999999545,0,0,0,0,4.547473508864641e-12
1767800853,1,0.40080160320663544,0,0.6012024048096684,0,0,98.9979959919837
1767800858,-1,50.25025025025117,0,0.30030030030031823,0,0,49.34934934934879
1767800858,0,100,0,0,0,0,0
1767800858,1,0.39999999999992036,0,0.7999999999999831,0,0,98.59999999999957
1767800863,-1,50.25025025025117,0,0.30030030030031823,0.10010010010015351,0,49.34934934934879
1767800863,0,99.80000000000018,0,0,0,0,0.1999999999998181
1767800863,1,0.7999999999998407,0,0.6000000000000227,0.20000000000010232,0,98.40000000000032
1767800868,-1,50.4000000000002,0,0.4999999999999716,0,0,49.099999999999675
1767800868,0,99.40119760478645,0,0.1996007984031452,0,0,0.3992015968105562
1767800868,1,1.202404809619227,0,0.6012024048096135,0,0,98.19639278557116
1767800873,-1,50.3000000000003,0,0.30000000000001137,0,0.10000000000000009,49.29999999999837
1767800873,0,99.59919839679735,0,0.2004008016031753,0,0,0.2004008015996135
1767800873,1,1.002004008016019,0,0.40080160320649305,0,0,98.59719438877762
1767800878,-1,50.29999999999972,0,0.30000000000001137,0,0,49.400000000000546
1767800878,0,79.44111776446796,0,0.199600798403287,0,0,20.35928143712904
1767800878,1,21.000000000000227,0,0.5999999999998806,0,0,78.39999999999975
1767800883,-1,50.20040080160073,0,0.4008016032064565,0,0,49.39879759519323
1767800883,0,100,0,0,0,0,0
1767800883,1,0.20120724346057128,0,0.6036217303822857,0,0,99.19517102615714
1767800888,-1,50.25025025025117,0,0.30030030030031823,0,0,49.4494494494488
1767800888,0,80.76152304609518,0,0,0,0,19.238476953904822
1767800888,1,20.00000000000182,0,0.6000000000000772,0,0,79.3999999999981
1767800893,-1,50.45045045045232,0,0.2002002002001647,0,0,49.34934934934652
1767800893,0,99.80000000000018,0,0,0,0,0.1999999999998181
1767800893,1,0.803212851405745,0,0.4016064257028725,0,0,98.79518072289153
1767800898,-1,50.350350350346595,0,0.5005005005004375,0,0,49.149149149153395
1767800898,0,99.80039920159246,0,0,0,0,4.547473508864641e-12
1767800898,1,0.5988023952095775,0,0.9980039920158678,0,0.1996007984031851,98.20359281437126
1767800903,-1,50.250250250255746,0,0.3003003003003456,0,0,49.449449449444195
1767800903,0,92.41516966067452,0,0.3992015968062904,0,0,7.185628742519469
1767800903,1,7.815631262525404,0,0.40080160320649305,0,0,91.78356713426825
1767800908,-1,50.25025025024659,0,0.30030030030029087,0,0,49.3493493493534
1767800908,0,78.55711422846066,0,0,0,0,21.44288577154046
1767800908,1,22.044088176351547,0,0.6012024048096135,0,0,77.35470941883884
1767800913,-1,50.25025025025117,0,0.30030030030031823,0,0,49.449449449447656
1767800913,0,49.80000000000018,0,0,0,0,50.19999999999982
1767800913,1,50.90180360721678,0,0.4008016032063506,0,0,48.69739478957686
1767800918,-1,50.35035035035118,0,0.30030030030031823,0,0,49.34934934934879
1767800918,0,99.79959919840039,0,0.2004008016031753,0,0,0
1767800918,1,0.7984031936125808,0,0.5988023952095775,0,0,98.40319361277484
1767800923,-1,50.250752256770085,0,0.40120361083240746,0,0,49.3480441323978
1767800923,0,99.20000000000073,0,0.6000000000000227,0,0,0.1999999999998181
1767800923,1,1.2072434607646818,0,0,0,0,98.79275653923531
1767800928,-1,50.34965034964889,0,0.5994005994006091,0,0,49.05094905094993
1767800928,0,59.39999999999941,0,0.6000000000000227,0,0,40
1767800928,1,41.11776447105614,0,0.7984031936127227,0,0,58.08383233533128
1767800933,-1,50.25025025025117,0,0.30030030030031823,0,0,49.4494494494488
1767800933,0,83.36673346693043,0,0.4008016032064565,0,0,16.232464929862417
1767800933,1,17.434869739479527,0,0,0,0,82.56513026052019
1767800938,-1,50.300601202406824,0,0.3006012024048342,0,0,49.398797595188626
1767800938,0,95.59999999999945,0,0.19999999999996018,0,0,4.200000000000728
1767800938,1,4.618473895582256,0,0.6024096385541825,0,0,94.77911646586357
1767800943,-1,50.25025025024659,0,0.30030030030029087,0,0,49.349349349352266
1767800943,0,99.60000000000036,0,0.19999999999996018,0,0,0.1999999999998181
1767800943,1,0.8016032064127012,0,0.4008016032063506,0,0,98.79759519038123
1767800948,-1,50.200000000000955,0,0.39999999999992036,0,0,49.39999999999941
1767800948,0,99.40000000000055,0,0.40000000000006253,0,0,0.1999999999998181
1767800948,1,1.0000000000002274,0,0.40000000000006253,0,0,98.59999999999957
1767800953,-1,50.25025025025117,0,0.40040040040047176,0,0,49.34934934934879
1767800953,0,36.7999999999995,0,0.19999999999996018,0,0,62.999999999999545
1767800953,1,63.92785571142559,0,0.40080160320649305,0,0,35.67134268536776
1767800958,-1,50.399999999999636,0,0.4999999999999716,0,0,49.099999999999675
1767800958,0,99.60000000000036,0,0.40000000000006253,0,0,0
1767800958,1,1.197604790419155,0,0.7984031936127227,0,0,98.00399201596827
1767800963,-1,50.30060120240224,0,0.30060120240480676,0,0,49.39879759519323
1767800963,0,99.59999999999923,0,0.19999999999996018,0,0,0.20000000000209184
1767800963,1,0.8032128514054597,0,0.40160642570272986,0,0,98.7951807228921
1767800968,-1,50.29999999999972,0,0.30000000000001137,0,0,49.400000000000546
1767800968,0,58.517034068139154,0,0.4008016032063506,0,0,41.08216432865365
1767800968,1,41.999999999999886,0,0.20000000000010232,0,0,57.79999999999973
1767800973,-1,50.25025025025231,0,0.40040040040047176,0,0,49.34934934934765
1767800973,0,99.39879759518526,0,0.6012024048096135,0,0,2.2737367544323206e-12
1767800973,1,1.4028056112223697,0,0,0,0,98.59719438877762
1767800978,-1,50.300601202406824,0,0.3006012024046918,0,0,49.39879759518748
1767800978,0,99.40119760478645,0,0.3992015968064322,0,0,0.19960079840754474
1767800978,1,0.8000000000004093,0,0.39999999999992036,0,0,98.60000000000014
1767800983,-1,50.29999999999972,0,0.30000000000001137,0,0,49.400000000000546
1767800983,0,79.15831663326976,0,0.4008016032063506,0,0,20.44088176352531
1767800983,1,21.399999999997917,0,0.19999999999994203,0,0,78.40000000000171
1767800988,-1,50.35035035035118,0,0.5005005005006252,0,0,49.14914914914876
1767800988,0,99.80000000000018,0,0.20000000000010232,0,0,0
1767800988,1,0.8032128514055331,0,0.8032128514056759,0,0,98.39357429718893
1767800993,-1,50.30060120240224,0,0.30060120240480676,0,0,49.39879759519323
1767800993,0,99.60000000000036,0,0.19999999999996018,0,0,0.19999999999754436
1767800993,1,1.0000000000002274,0,0.40000000000006253,0,0,98.59999999999957
1767800998,-1,50.14985014985,0,0.3996003996003114,0,0,49.35064935064882
1767800998,0,58.31663326653498,0,0.6012024048096684,0,0,41.08216432865592
1767800998,1,42.19999999999587,0,0.19999999999994203,0,0,57.60000000000433
1767801003,-1,50.35035035035118,0,0.500500500500483,0,0,49.14914914914876
1767801003,0,99.40000000000055,0,0.39999999999992036,0,0,0.1999999999998181
1767801003,1,1.0020040080163037,0,0.6012024048096684,0,0,98.39679358717403
1767801008,-1,50.199999999999825,0,0.40000000000006253,0,0.10000000000000009,49.30000000000063
1767801008,0,99.80000000000018,0,0.20000000000010232,0,0,0
1767801008,1,0.8016032064127012,0,0.40080160320649305,0,0,98.79759519038066
1767801013,-1,50.29999999999972,0,0.19999999999996018,0,0,49.499999999999325
1767801013,0,67.73547094187933,0,0,0,0,32.264529058119535
1767801013,1,33.000000000000114,0,0.39999999999992036,0,0,66.60000000000025
1767801018,-1,50.35035035035118,0,0.40040040040047176,0,0,49.24924924924877
1767801018,0,91.60000000000082,0,0.39999999999992036,0,0,7.999999999999545
1767801018,1,8.817635270541423,0,0.6012024048096684,0,0,90.58116232464891
1767801023,-1,50.300601202403385,0,0.30060120240480676,0,0,49.39879759519209
1767801023,0,72.59999999999991,0,0,0,0,27.40000000000009
1767801023,1,27.8557114228441,0,0.6012024048096135,0,0,71.54308617234629
1767801028,-1,50.20000000000439,0,0.39999999999995683,0.09999999999991814,0,49.299999999996025
1767801028,0,26.200000000001182,0,0.20000000000010232,0,0,73.599999999999
1767801028,1,74.39999999999998,0,0.6000000000000227,0,0,25
1767801033,-1,50.25025025024659,0,0.30030030030029087,0,0,49.44944944945227
1767801033,0,99.79959919839015,0,0.20040080160315704,0,0,6.835421118012164e-12
1767801033,1,0.6036217303823409,0,0.20120724346073265,0,0,99.19517102615707
1767801038,-1,50.30060120240224,0,0.30060120240480676,0,0,49.39879759519323
1767801038,0,99.20159680639246,0,0.5988023952096317,0,0,0.19960079839847822
1767801038,1,1.1999999999999365,0,0.19999999999994203,0,0,98.5999999999997
1767801043,-1,50.45045045045119,0,0.40040040040047176,0,0,49.14914914914876
1767801043,0,100,0,0,0,0,0
1767801043,1,1.1976047904192635,0,0.5988023952096317,0,0.19960079840320322,98.00399201596751
1767801048,-1,50.249750249750015,0,0.5994005994004671,0,0,49.150849150848806
1767801048,0,94.62151394422345,0,0.5976095617528713,0,0,4.581673306773283
1767801048,1,5.611222444890047,0,0.6012024048096684,0,0,93.78757515030028
1767801053,-1,50.300601202406824,0,0.3006012024048342,0,0,49.398797595188626
1767801053,0,57.114228456911576,0,0.6012024048096135,0,0,42.28456913827711
1767801053,1,43.286573146290465,0,0,0,0,56.713426853709535
1767801058,-1,50.24975024974888,0,0.29970029970030454,0,0,49.35064935065109
1767801058,0,61.72344689378881,0,0.6012024048096684,0,0,37.67535070140209
1767801058,1,39.00000000000034,0,0,0,0,60.99999999999966
1767801063,-1,50.300601202406824,0,0.3006012024048342,0,0,49.39879759518748
1767801063,0,99.40000000000055,0,0.40000000000006253,0,0,0.1999999999998181
1767801063,1,1.0020040080156427,0,0.20040080160315704,0,0,98.79759519038134
1767801068,-1,50.29999999999972,0,0.40000000000006253,0,0,49.30000000000063
1767801068,0,87.40000000000009,0,0.19999999999996018,0,0,12.400000000000091
1767801068,1,13.226452905812133,0,0.6012024048096684,0,0,86.17234468937819
1767801073,-1,50.20040080160532,0,0.4008016032063506,0,0,49.398797595188626
1767801073,0,99.80000000000018,0,0.19999999999996018,0,0,0
1767801073,1,0.5988023952096317,0,0.5988023952096317,0,0,98.60279441117714
1767801078,-1,50.299999999996295,0,0.4999999999999261,0,0,49.20000000000307
1767801078,0,100,0,0,0,0,0
1767801078,1,0.6012024048096135,0,1.0020040080159276,0,0,98.39679358717417
1767801083,-1,50.25025025025117,0,0.30030030030031823,0,0,49.4494494494488
1767801083,0,84.83033932135359,0,0.5988023952095775,0,0,14.570858283437403
1767801083,1,15.46184738955838,0,0,0,0,84.53815261044218
1767801088,-1,50.25025025025117,0,0.40040040040047176,0,0,49.34934934934879
1767801088,0,58.8000000000011,0,0.40000000000006253,0,0,40.79999999999699
1767801088,1,41.80000000000007,0,0.40000000000006253,0,0,57.79999999999973
1767801093,-1,50.25025025025117,0,0.30030030030031823,0,0,49.4494494494488
1767801093,0,100,0,0,0,0,0
1767801093,1,0.40080160320663544,0,0.6012024048096684,0,0,98.9979959919837
1767801098,-1,50.25025025025117,0,0.4004004004003294,0,0,49.34934934934765
1767801098,0,100,0,0,0,0,0
1767801098,1,0.4008016032060293,0,0.8016032064127706,0,0,98.79759519038078
1767801103,-1,50.350350350347725,0,0.30030030030029087,0,0,49.349349349352266
1767801103,0,100,0,0,0,0,0
1767801103,1,0.7999999999998407,0,0.6000000000000227,0,0,98.60000000000014
1767801108,-1,50.74925074925353,0,1.6983016983018326,0,0.09990009990010688,47.352647352645036
1767801108,0,98.00399201596542,0,0.9980039920158678,0,0,0.9980039920172885
1767801108,1,3.400000000000318,0,2.599999999999909,0,0,93.99999999999977
1767801113,-1,50.350350350346595,0,0.4004004004004353,0,0,49.24924924925226
1767801113,0,100,0,0,0,0,0
1767801113,1,0.6000000000000227,0,0.8000000000001251,0.19999999999996018,0,98.40000000000032
1767801118,-1,50.300000000000864,0,0.7999999999999831,0,0,48.899999999999864
1767801118,0,92.00000000000045,0,0.19999999999996018,0,0,7.799999999999727
1767801118,1,8.433734939758754,0,1.2048192771083324,0,0,90.3614457831322
1767801123,-1,20.520520520520513,0,0.2002002002001647,0,0,79.27927927927946
1767801123,0,13.226452905811565,0,0.20040080160331772,0,0,86.5731462925854
1767801123,1,27.800000000000296,0,0.40000000000006253,0,0,71.80000000000064
1767801128,-1,0.10020040080150733,0,0.20040080160315704,0,0,99.69939879759434
1767801128,0,0,0,0.19999999999996018,0,0,99.80000000000018
1767801128,1,0.39999999999963626,0,0.19999999999996018,0,0,99.39999999999941
1767801133,-1,0.19999999999981813,0,0.20000000000010232,0,0,99.60000000000036
1767801133,0,0.20040080160301466,0,0,0,0,99.79959919839699
1767801133,1,0,0,0.20080321285136493,0,0,99.79919678714877
1767801138,-1,0.20040080160417206,0,0.3006012024048342,0,0,99.49899799599127
1767801138,0,0.19999999999981813,0,0.39999999999992036,0,0,99.40000000000055
1767801138,1,0.39920159680661027,0,0.39920159680646844,0,0,99.20159680638677
1767801143,-1,0.19999999999981813,0,0.19999999999996018,0,0,99.60000000000036
1767801143,0,0,0,0,0,0,100
1767801143,1,0.1999999999997999,0,0.39999999999988406,0,0,99.4000000000006
1767801148,-1,0.10010010010001123,0,0.2002002002001647,0,0,99.69969969969996
1767801148,0,0.1996007984030215,0,0.19960079840330514,0,0,99.60079840319396
1767801148,1,0.20000000000038654,0,0.20000000000010232,0,0,99.59999999999923
1767801153,-1,0.30030030030003374,0,0.10010010010015351,0,0,99.59959959959996
1767801153,0,0.20080321285122224,0,0,0,0,99.79919678714877
1767801153,1,0.20040080160303292,0,0,0,0,99.79959919839696
1767801158,-1,0.20040080160301466,0,0.10020040080164971,0,0,99.69939879759434
1767801158,0,0.39920159680600675,0,0.3992015968062904,0,0,99.20159680638572
1767801158,1,0.20040080160301466,0,0,0,0,99.79959919839699
1767801163,-1,0.19999999999981813,0,0.19999999999996018,0,0,99.60000000000036
1767801163,0,0.19999999999981813,0,0.20000000000010232,0,0,99.60000000000036
1767801163,1,0,0,0.2004008016031753,0,0,99.79959919839696
1767801168,-1,0.19999999999981813,0,0.39999999999992036,0,0,99.40000000000055
1767801168,0,0.2008032128512406,0,0.40160642570276656,0,0,99.39759036144628
1767801168,1,0.20000000000038654,0,0.19999999999996018,0,0,99.60000000000036
1767801173,-1,0.10030090270918002,0,0.20060180541636455,0,0,99.69909729187474
1767801173,0,0.20000000000207366,0,0.19999999999994203,0,0,99.59999999999813
1767801173,1,0,0,0.40080160320649305,0,0,99.5991983967928
1767801178,-1,0.1998001998000137,0,0.1998001998001557,0,0,99.60039960039997
1767801178,0,0,0,0,0,0,100
1767801178,1,0.3999999999995998,0,0.19999999999994203,0,0,99.4000000000006
